T 2
A 1 5
S 5 4
0x067e 1+1+1+1 6 UNSAT
0x0690 1+1+1+1 4 1 3 14 4 5 14 1 2 14 6 7 9 8
0x0690 1+1+1+4 4 2 3 14 4 5 14 1 2 14 6 7 7 8
0x0690 1+1+2+1 4 1 3 14 4 5 14 1 2 14 6 7 9 8
0x0690 1+1+4+1 4 2 3 14 4 5 14 1 2 14 6 7 7 8
0x0690 1+1+4+2 4 1 3 14 4 5 14 1 2 14 6 7 9 8
0x0690 4+4+1+1 4 2 3 14 4 5 14 1 2 14 6 7 7 8
0x0690 4+4+1+2 4 1 3 14 4 5 14 1 2 14 6 7 9 8
0x0690 4+4+4+4 4 2 3 14 4 5 14 1 2 14 6 7 7 8
0x0696 1+1+1+1 4 2 3 14 4 5 14 1 2 4 6 7 7 8
0x0696 1+1+1+4 4 3 4 14 1 2 4 5 6 7 2 7 14 8
0x0696 1+1+2+1 4 2 3 14 4 5 14 1 2 4 6 7 7 8
0x0696 1+1+4+1 4 3 4 14 1 2 4 5 6 7 2 7 14 8
0x0696 1+1+4+2 4 2 3 14 4 5 14 1 2 4 6 7 7 8
0x0696 1+4+1+1 4 3 4 14 1 5 4 2 6 7 5 7 14 8
0x0696 1+4+1+2 4 2 3 14 4 5 14 1 2 4 6 7 7 8
0x0696 1+4+1+4 4 3 4 14 1 5 4 2 6 7 5 7 14 8
0x0696 1+4+2+1 4 2 3 14 4 5 14 1 2 4 6 7 7 8
0x0696 1+4+4+1 4 3 4 14 1 5 4 2 6 7 5 7 14 8
0x0696 1+4+4+2 4 2 3 14 4 5 14 1 2 4 6 7 7 8
0x0696 1+4+4+4 4 3 4 14 1 5 4 2 6 7 5 7 14 8
0x0696 2+1+1+1 4 2 3 14 4 5 14 1 2 4 6 7 7 8
0x0696 2+4+1+4 4 3 4 14 1 5 4 2 6 7 5 7 14 8
0x0696 2+4+2+1 4 2 3 14 4 5 14 1 2 4 6 7 7 8
0x0696 2+4+4+1 4 3 4 14 1 5 4 2 6 7 5 7 14 8
0x0696 2+4+4+2 4 2 3 14 4 5 14 1 2 4 6 7 7 8
0x0696 2+1+1+4 4 3 4 14 1 5 4 2 6 7 5 7 14 8
0x0696 2+1+2+1 4 2 3 14 4 5 14 1 2 4 6 7 7 8
0x0696 2+1+4+1 4 3 4 14 1 5 4 2 6 7 5 7 14 8
0x0696 2+1+4+2 4 2 3 14 4 5 14 1 2 4 6 7 7 8
0x0696 2+2+1+4 4 3 4 14 1 2 4 5 6 7 2 7 14 8
0x0696 2+2+2+1 4 2 3 14 4 5 14 1 2 4 6 7 7 8
0x0696 2+2+4+1 4 3 4 14 1 2 4 5 6 7 2 7 14 8
0x0696 2+2+4+2 4 2 3 14 4 5 14 1 2 4 6 7 7 8
0x0696 2+4+2+1 4 2 4 14 3 5 14 1 2 4 6 7 7 8
0x0696 2+4+2+2 4 3 4 14 1 5 4 2 6 7 5 7 14 8
0x0696 2+4+2+4 4 2 4 14 3 5 14 1 2 4 6 7 7 8
0x0696 2+4+2+2 4 3 4 14 1 5 4 2 6 7 5 7 14 8
0x0696 2+4+2+4 4 2 4 14 3 5 14 1 2 4 6 7 7 8
0x0696 2+4+4+1 4 2 3 14 4 5 14 1 2 4 6 7 7 8
0x0696 4+1+1+1 4 3 4 14 1 5 4 2 6 7 5 7 14 8
0x0696 4+1+1+2 4 2 3 14 4 5 14 1 2 4 6 7 7 8
0x0696 4+1+1+2 4 3 4 14 1 5 4 2 6 7 5 7 14 8
0x0696 4+1+2+1 4 2 3 14 4 5 14 1 2 4 6 7 7 8
0x0696 4+1+2+2 4 3 4 14 1 5 4 2 6 7 5 7 14 8
0x0696 4+1+2+4 4 2 3 14 4 5 14 1 2 4 6 7 7 8
0x0696 4+1+4+1 4 3 4 14 1 5 4 2 6 7 5 7 14 8
0x0696 4+1+4+2 4 2 3 14 4 5 14 1 2 4 6 7 7 8
0x0696 4+1+4+4 4 3 4 14 1 5 4 2 6 7 5 7 14 8
0x0696 4+2+1+1 4 2 3 14 4 5 14 1 2 4 6 7 7 8
0x0696 4+2+1+4 4 3 4 14 1 5 4 2 6 7 5 7 14 8
0x0696 4+2+2+1 4 2 3 14 4 5 14 1 2 4 6 7 7 8
0x0696 4+2+4+1 4 3 4 14 1 5 4 2 6 7 5 7 14 8
0x0696 4+2+4+2 4 2 3 14 4 5 14 1 2 4 6 7 7 8
0x0696 4+2+1+1 4 3 4 14 2 5 14 1 2 4 6 7 7 8
0x0696 4+2+1+2 4 2 3 14 4 5 14 1 2 4 6 7 7 8
0x0696 4+2+1+4 4 3 4 14 1 5 4 2 6 7 5 7 14 8
0x0696 4+2+2+1 4 2 3 14 4 5 14 1 2 4 6 7 7 8
0x0696 4+2+4+1 4 3 4 14 1 5 4 2 6 7 5 7 14 8
0x0696 4+2+4+2 4 2 3 14 4 5 14 1 2 4 6 7 7 8
0x0696 4+2+4+4 4 3 4 14 2 5 14 1 2 4 6 7 7 8
0x0696 4+4+1+1 4 2 3 14 4 5 14 1 2 4 6 7 7 8
0x0697 1+1+1+1 6 UNSAT
0x069f 1+1+1+1 4 3 4 14 1 5 7 2 5 9 6 7 14 8
0x069f 1+1+2+4 4 UNSAT
0x069f 1+2+1+2 4 3 4 14 1 5 7 2 5 9 6 7 14 8
0x069f 1+2+2+1 4 UNSAT
0x069f 1+2+2+2 4 3 4 14 1 5 7 2 5 9 6 7 14 8
0x069f 2+4+1+1 4 3 4 14 2 5 7 1 5 4 6 7 7 8
0x069f 2+1+1+1 4 3 4 14 1 5 7 2 5 9 6 7 14 8
0x069f 2+2+1+1 4 3 4 14 2 5 7 1 5 4 6 7 7 8
0x069f 4+1+1+1 4 3 4 14 1 5 7 2 5 9 6 7 14 8
0x069f 4+2+1+1 4 3 4 14 2 5 7 1 5 4 6 7 7 8
E
