T 2
A 1 5
S 4 4
0x1be4 1+1+1+1 4 2 4 7 1 5 14 3 4 9 6 7 14 8
0x1be4 1+2+2+1 4 2 4 7 3 4 9 1 6 14 5 7 14 8
0x1be4 1+2+2+2 4 2 4 7 1 5 14 3 4 9 6 7 14 8
0x1be4 1+2+4+1 4 2 3 14 4 5 9 1 6 14 2 7 14 8
0x1be4 1+2+4+2 4 3 4 7 1 5 14 2 4 4 6 7 14 8
0x1be4 1+2+4+4 4 2 4 7 1 5 14 3 4 9 6 7 14 8
0x1be4 1+2+2+1 4 2 4 7 3 4 9 1 6 14 5 7 14 8
0x1be4 1+2+2+2 4 2 4 7 1 5 14 3 4 9 6 7 14 8
0x1be4 1+2+2+1 4 2 3 14 4 5 9 1 6 14 2 7 14 8
0x1be4 1+2+2+2 4 3 4 7 1 5 14 2 4 4 6 7 14 8
0x1be4 1+2+2+4 4 2 3 14 4 5 7 1 6 14 3 7 14 8
0x1be4 1+2+4+1 4 2 3 14 4 5 9 1 6 14 2 7 14 8
0x1be4 1+2+4+2 4 3 4 7 1 5 14 2 4 4 6 7 14 8
0x1be4 1+2+4+4 4 2 4 7 1 5 14 3 4 9 6 7 14 8
0x1be4 1+4+1+2 4 2 4 7 3 4 9 1 6 14 5 7 14 8
0x1be4 1+4+1+4 4 2 4 7 1 5 14 3 4 9 6 7 14 8
0x1be4 1+4+2+2 4 3 4 7 1 5 14 2 4 4 6 7 14 8
0x1be4 1+4+2+4 4 2 3 14 4 5 7 1 6 14 3 7 14 8
0x1be4 1+4+2+1 4 2 4 7 3 4 9 1 6 14 5 7 14 8
0x1be4 1+4+2+2 4 3 4 7 1 5 14 2 4 4 6 7 14 8
0x1be4 1+4+2+4 4 2 3 14 4 5 7 1 6 14 3 7 14 8
0x1be4 1+4+4+1 4 2 3 14 4 5 9 1 6 14 2 7 14 8
0x1be4 1+4+4+2 4 1 3 14 2 3 14 4 6 7 5 7 14 8
0x1be4 2+1+1+1 4 2 4 7 1 5 14 3 4 9 6 7 14 8
0x1be4 2+2+2+2 4 2 4 7 3 4 9 5 6 14 1 7 14 8
0x1be4 2+2+2+4 4 2 4 7 1 5 14 3 4 9 6 7 14 8
0x1be4 2+2+4+1 4 3 4 7 1 5 14 2 4 4 6 7 14 8
0x1be4 2+2+4+4 4 2 4 7 1 5 14 3 4 9 6 7 14 8
0x1be4 2+2+1+2 4 2 4 7 3 4 9 1 6 14 5 7 14 8
0x1be4 2+2+1+2 4 2 4 7 1 5 14 3 4 9 6 7 14 8
0x1be4 2+2+2+1 4 3 4 7 1 5 14 2 4 4 6 7 14 8
0x1be4 2+2+2+2 4 3 4 7 2 4 4 5 6 7 1 7 14 8
0x1be4 2+2+2+4 4 3 4 7 1 5 14 2 4 4 6 7 14 8
0x1be4 2+2+4+4 4 2 3 14 4 5 7 3 6 14 1 7 14 8
0x1be4 2+4+1+1 4 2 4 7 1 5 14 3 4 9 6 7 14 8
0x1be4 2+4+2+1 4 2 4 7 3 4 9 1 6 14 5 7 14 8
0x1be4 2+4+2+2 4 3 4 7 1 5 14 2 4 4 6 7 14 8
0x1be4 2+4+2+2 4 3 4 7 2 4 4 5 6 7 1 7 14 8
0x1be4 2+4+2+4 4 3 4 7 1 5 14 2 4 4 6 7 14 8
0x1be4 2+4+2+1 4 2 3 14 4 5 9 2 6 14 1 7 14 8
0x1be4 2+4+2+2 4 3 4 7 1 5 14 2 4 4 6 7 14 8
0x1be4 2+4+4+1 4 2 3 14 4 5 9 1 6 14 2 7 14 8
0x1be4 2+4+4+2 4 2 3 14 4 5 9 2 6 14 1 7 14 8
0x1be4 2+4+4+2 4 2 3 14 4 5 7 3 6 14 1 7 14 8
0x1be4 2+4+4+4 4 1 3 14 2 3 14 4 6 7 5 7 14 8
0x1be4 2+1+1+1 4 2 4 7 1 5 14 3 4 9 6 7 14 8
0x1be4 2+2+2+2 4 2 4 7 3 4 9 5 6 14 1 7 14 8
0x1be4 2+2+2+4 4 2 4 7 1 5 14 3 4 9 6 7 14 8
0x1be4 2+2+4+1 4 3 4 7 1 5 14 2 4 4 6 7 14 8
0x1be4 2+2+4+4 4 2 4 7 1 5 14 3 4 9 6 7 14 8
0x1be4 2+2+1+2 4 2 4 7 3 4 9 1 6 14 5 7 14 8
0x1be4 2+2+1+2 4 2 4 7 1 5 14 3 4 9 6 7 14 8
0x1be4 2+2+2+1 4 3 4 7 1 5 14 2 4 4 6 7 14 8
0x1be4 2+2+2+2 4 3 4 7 2 4 4 5 6 7 1 7 14 8
0x1be4 2+2+2+4 4 3 4 7 1 5 14 2 4 4 6 7 14 8
0x1be4 2+2+4+4 4 2 3 14 4 5 7 3 6 14 1 7 14 8
0x1be4 2+4+1+1 4 2 4 7 1 5 14 3 4 9 6 7 14 8
0x1be4 2+4+2+1 4 2 4 7 3 4 9 1 6 14 5 7 14 8
0x1be4 2+4+2+2 4 3 4 7 1 5 14 2 4 4 6 7 14 8
0x1be4 2+4+2+2 4 3 4 7 2 4 4 5 6 7 1 7 14 8
0x1be4 2+4+2+4 4 3 4 7 1 5 14 2 4 4 6 7 14 8
0x1be4 2+4+2+1 4 2 3 14 4 5 9 2 6 14 1 7 14 8
0x1be4 2+4+2+2 4 3 4 7 1 5 14 2 4 4 6 7 14 8
0x1be4 2+4+4+1 4 2 3 14 4 5 9 1 6 14 2 7 14 8
0x1be4 2+4+4+2 4 2 3 14 4 5 9 2 6 14 1 7 14 8
0x1be4 2+4+4+2 4 2 3 14 4 5 7 3 6 14 1 7 14 8
0x1be4 2+4+4+4 4 1 3 14 2 3 14 4 6 7 5 7 14 8
0x1be4 4+1+1+1 4 2 4 7 1 5 14 3 4 9 6 7 14 8
0x1be4 4+2+2+1 4 2 4 7 3 4 9 1 6 14 5 7 14 8
0x1be4 4+2+2+2 4 2 4 7 1 5 14 3 4 9 6 7 14 8
0x1be4 4+2+4+1 4 2 3 14 4 5 9 1 6 14 2 7 14 8
0x1be4 4+2+4+2 4 3 4 7 1 5 14 2 4 4 6 7 14 8
0x1be4 4+2+4+4 4 2 4 7 1 5 14 3 4 9 6 7 14 8
0x1be4 4+2+2+1 4 2 4 7 3 4 9 1 6 14 5 7 14 8
0x1be4 4+2+2+2 4 2 4 7 1 5 14 3 4 9 6 7 14 8
0x1be4 4+2+2+1 4 2 3 14 4 5 9 1 6 14 2 7 14 8
0x1be4 4+2+2+2 4 3 4 7 1 5 14 2 4 4 6 7 14 8
0x1be4 4+2+2+4 4 2 3 14 4 5 7 1 6 14 3 7 14 8
0x1be4 4+2+4+1 4 2 3 14 4 5 9 1 6 14 2 7 14 8
0x1be4 4+2+4+2 4 3 4 7 1 5 14 2 4 4 6 7 14 8
0x1be4 4+2+4+4 4 2 4 7 1 5 14 3 4 9 6 7 14 8
0x1be4 4+4+1+2 4 2 4 7 3 4 9 1 6 14 5 7 14 8
0x1be4 4+4+1+4 4 2 4 7 1 5 14 3 4 9 6 7 14 8
0x1be4 4+4+2+2 4 3 4 7 1 5 14 2 4 4 6 7 14 8
0x1be4 4+4+2+4 4 2 3 14 4 5 7 1 6 14 3 7 14 8
0x1be4 4+4+2+1 4 2 4 7 3 4 9 1 6 14 5 7 14 8
0x1be4 4+4+2+2 4 3 4 7 1 5 14 2 4 4 6 7 14 8
0x1be4 4+4+2+4 4 2 3 14 4 5 7 1 6 14 3 7 14 8
0x1be4 4+4+4+1 4 2 3 14 4 5 9 1 6 14 2 7 14 8
0x1be4 4+4+4+2 4 1 3 14 2 3 14 4 6 7 5 7 14 8
0x1ee1 1+1+1+1 3 3 4 9 1 5 14 2 6 14 7
0x1ee1 2+1+1+4 3 3 4 9 2 5 14 1 6 14 7
0x1ee1 2+1+2+1 3 3 4 9 1 5 14 2 6 14 7
0x1ee1 2+1+2+2 3 3 4 9 2 5 14 1 6 14 7
0x1ee1 2+1+2+2 3 3 4 9 1 5 14 2 6 14 7
0x1ee1 2+1+4+1 3 3 4 9 2 5 14 1 6 14 7
0x1ee1 2+1+4+2 3 3 4 9 1 5 14 2 6 14 7
0x1ee1 2+4+1+4 3 3 4 9 2 5 14 1 6 14 7
0x1ee1 2+4+2+1 3 3 4 9 1 5 14 2 6 14 7
0x1ee1 2+4+2+2 3 3 4 9 2 5 14 1 6 14 7
0x1ee1 2+4+2+2 3 3 4 9 1 5 14 2 6 14 7
0x1ee1 2+4+4+1 3 3 4 9 2 5 14 1 6 14 7
0x1ee1 2+4+4+2 3 3 4 9 1 5 14 2 6 14 7
0x1ee1 2+1+1+4 3 3 4 9 2 5 14 1 6 14 7
0x1ee1 2+1+2+1 3 3 4 9 1 5 14 2 6 14 7
0x1ee1 2+1+2+2 3 3 4 9 2 5 14 1 6 14 7
0x1ee1 2+1+2+2 3 3 4 9 1 5 14 2 6 14 7
0x1ee1 2+1+4+1 3 3 4 9 2 5 14 1 6 14 7
0x1ee1 2+1+4+2 3 3 4 9 1 5 14 2 6 14 7
0x1ee1 2+4+1+4 3 3 4 9 2 5 14 1 6 14 7
0x1ee1 2+4+2+1 3 3 4 9 1 5 14 2 6 14 7
0x1ee1 2+4+2+2 3 3 4 9 2 5 14 1 6 14 7
0x1ee1 2+4+2+2 3 3 4 9 1 5 14 2 6 14 7
0x1ee1 2+4+4+1 3 3 4 9 2 5 14 1 6 14 7
0x1ee1 2+4+4+2 3 3 4 9 1 5 14 2 6 14 7
0x3cc3 1+1+1+1 2 1 3 14 2 5 14 6
0x6996 1+1+1+1 3 1 3 14 2 5 14 4 6 14 7
E
