T 2
A 1 5
S 6 4
0x0001 1+1+1+1 3 1 3 9 2 5 9 4 6 9 7
0x0001 1+4+4+2 3 1 3 9 4 5 9 2 6 9 7
0x0001 1+4+4+4 3 1 3 9 2 5 9 4 6 9 7
0x0001 2+1+4+2 3 1 4 9 2 5 9 3 6 9 7
0x0001 2+1+4+4 3 2 3 9 1 5 9 4 6 9 7
0x0001 2+2+1+1 3 1 3 9 2 5 9 4 6 9 7
0x0001 2+2+2+2 3 1 4 9 2 5 9 3 6 9 7
0x0001 2+2+2+2 3 1 2 9 3 5 9 4 6 9 7
0x0001 2+2+4+1 3 1 4 9 2 5 9 3 6 9 7
0x0001 2+2+4+2 3 1 2 9 4 5 9 3 6 9 7
0x0001 2+2+4+4 3 1 3 9 2 5 9 4 6 9 7
0x0001 2+2+2+1 3 1 3 9 4 5 9 2 6 9 7
0x0001 2+2+2+2 3 1 4 9 2 5 9 3 6 9 7
0x0001 2+2+2+2 3 1 3 9 2 5 9 4 6 9 7
0x0001 2+2+4+1 3 1 4 9 2 5 9 3 6 9 7
0x0001 2+2+4+2 3 1 3 9 2 5 9 4 6 9 7
0x0001 2+4+2+2 3 1 3 9 4 5 9 2 6 9 7
0x0001 2+4+2+4 3 1 3 9 2 5 9 4 6 9 7
0x0001 2+4+2+1 3 1 3 9 4 5 9 2 6 9 7
0x0001 2+4+2+2 3 1 4 9 3 5 9 2 6 9 7
0x0001 2+4+2+2 3 1 3 9 2 5 9 4 6 9 7
0x0001 2+4+4+1 3 1 4 9 2 5 9 3 6 9 7
0x0001 2+4+4+2 3 1 3 9 2 5 9 4 6 9 7
0x0001 2+1+2+1 3 1 3 9 2 4 9 5 6 9 7
0x0001 2+1+2+2 3 1 4 9 2 5 9 3 6 9 7
0x0001 2+1+2+2 3 2 3 9 1 5 9 4 6 9 7
0x0001 2+1+4+1 3 1 4 9 2 5 9 3 6 9 7
0x0001 2+1+4+2 3 2 3 9 1 5 9 4 6 9 7
0x0001 2+2+1+1 3 1 3 9 2 5 9 4 6 9 7
0x0001 2+2+2+2 3 2 3 9 1 5 9 4 6 9 7
0x0001 2+2+2+1 3 1 4 9 2 5 9 3 6 9 7
0x0001 2+2+2+2 3 2 4 9 1 5 9 3 6 9 7
0x0001 2+2+2+2 3 1 3 9 2 5 9 4 6 9 7
0x0001 2+2+4+1 3 1 4 9 2 5 9 3 6 9 7
0x0001 2+2+4+2 3 2 4 9 1 5 9 3 6 9 7
0x0001 2+2+4+2 3 1 3 9 2 5 9 4 6 9 7
0x0001 2+2+2+1 3 1 3 9 4 5 9 2 6 9 7
0x0001 2+2+2+2 3 3 4 9 1 5 9 2 6 9 7
0x0001 2+2+2+2 3 1 3 9 2 5 9 4 6 9 7
0x0001 2+2+2+1 3 1 4 9 2 5 9 3 6 9 7
0x0001 2+2+2+2 3 1 3 9 2 5 9 4 6 9 7
0x0001 2+2+4+1 3 1 4 9 2 5 9 3 6 9 7
0x0001 2+2+4+2 3 1 3 9 2 5 9 4 6 9 7
0x0001 2+4+2+1 3 1 3 9 4 5 9 2 6 9 7
0x0001 2+4+2+2 3 3 4 9 1 5 9 2 6 9 7
0x0001 2+4+2+2 3 1 3 9 2 5 9 4 6 9 7
0x0001 2+4+2+1 3 1 4 9 2 5 9 3 6 9 7
0x0001 2+4+2+2 3 1 3 9 2 5 9 4 6 9 7
0x0001 2+4+4+1 3 1 4 9 2 5 9 3 6 9 7
0x0001 2+4+4+2 3 1 3 9 4 5 9 2 6 9 7
0x0001 2+4+4+2 3 1 3 9 2 5 9 4 6 9 7
0x0001 4+1+2+2 3 2 3 9 1 5 9 4 6 9 7
0x0001 4+1+2+1 3 1 4 9 2 5 9 3 6 9 7
0x0001 4+1+2+2 3 2 3 9 1 5 9 4 6 9 7
0x0001 4+1+4+1 3 1 3 9 2 4 9 5 6 9 7
0x0001 4+1+4+2 3 2 3 9 1 5 9 4 6 9 7
0x0001 4+1+4+2 3 2 3 9 4 5 9 1 6 9 7
0x0001 4+1+4+4 3 1 3 9 2 5 9 4 6 9 7
0x0001 4+2+2+1 3 1 4 9 2 5 9 3 6 9 7
0x0001 4+2+2+2 3 2 3 9 1 5 9 4 6 9 7
0x0001 4+2+2+2 3 2 3 9 4 5 9 1 6 9 7
0x0001 4+2+2+4 3 1 3 9 2 5 9 4 6 9 7
0x0001 4+2+2+1 3 1 4 9 2 5 9 3 6 9 7
0x0001 4+2+2+2 3 2 4 9 3 5 9 1 6 9 7
0x0001 4+2+2+2 3 1 3 9 2 5 9 4 6 9 7
0x0001 4+2+4+1 3 1 4 9 2 5 9 3 6 9 7
0x0001 4+2+4+2 3 1 3 9 2 5 9 4 6 9 7
0x0001 4+2+2+1 3 1 4 9 2 5 9 3 6 9 7
0x0001 4+2+2+2 3 3 4 9 2 5 9 1 6 9 7
0x0001 4+2+2+2 3 1 3 9 2 5 9 4 6 9 7
0x0001 4+2+2+1 3 1 4 9 2 5 9 3 6 9 7
0x0001 4+2+2+2 3 1 3 9 2 5 9 4 6 9 7
0x0001 4+2+4+1 3 1 4 9 2 5 9 3 6 9 7
0x0001 4+2+4+2 3 1 3 9 2 5 9 4 6 9 7
0x0001 4+4+1+2 3 1 3 9 4 5 9 2 6 9 7
0x0001 4+4+1+4 3 1 3 9 2 5 9 4 6 9 7
0x0001 4+4+2+1 3 1 4 9 2 5 9 3 6 9 7
0x0001 4+4+2+2 3 1 3 9 2 5 9 4 6 9 7
0x0001 4+4+2+1 3 1 4 9 3 5 9 2 6 9 7
0x0001 4+4+2+2 3 1 3 9 4 5 9 2 6 9 7
0x0001 4+4+2+2 3 1 3 9 2 5 9 4 6 9 7
0x0001 4+4+4+2 3 1 3 9 4 5 9 2 6 9 7
0x0001 4+4+4+2 3 1 3 9 2 5 9 4 6 9 7
0x0003 1+1+1+1 2 1 3 9 2 5 9 6
0x0003 1+2+4+1 2 1 2 9 3 5 9 6
0x0003 1+4+1+1 2 1 3 9 2 5 9 6
0x0003 2+1+2+1 2 2 3 9 1 5 9 6
0x0003 2+2+1+1 2 1 3 9 2 5 9 6
0x0003 2+1+2+1 2 2 3 9 1 5 9 6
0x0003 2+1+4+1 2 1 2 9 3 5 9 6
0x0003 2+2+1+1 2 1 3 9 2 5 9 6
0x0003 2+2+4+1 2 2 3 9 1 5 9 6
0x0003 2+2+1+1 2 1 3 9 2 5 9 6
0x0003 4+1+2+1 2 2 3 9 1 5 9 6
0x0003 4+1+4+1 2 1 3 9 2 5 9 6
0x0003 4+2+2+1 2 2 3 9 1 5 9 6
0x0003 4+2+4+1 2 1 3 9 2 5 9 6
0x0003 4+2+1+1 2 2 3 9 1 5 9 6
0x0003 4+2+2+1 2 1 3 9 2 5 9 6
0x0006 1+1+1+1 3 3 4 14 1 5 9 2 6 9 7
0x0006 1+1+1+4 3 3 4 14 1 2 9 5 6 9 7
0x0006 1+1+2+1 3 3 4 14 1 5 9 2 6 9 7
0x0006 1+1+4+1 3 3 4 14 1 2 9 5 6 9 7
0x0006 1+1+4+2 3 3 4 14 1 5 9 2 6 9 7
0x0006 4+2+1+2 3 3 4 14 2 5 9 1 6 9 7
0x0006 4+2+2+1 3 3 4 14 1 5 9 2 6 9 7
0x0006 4+2+2+2 3 3 4 14 2 5 9 1 6 9 7
0x0006 4+2+2+4 3 3 4 14 1 5 9 2 6 9 7
0x0006 4+2+4+1 3 3 4 14 2 5 9 1 6 9 7
0x0006 4+2+4+2 3 3 4 14 1 5 9 2 6 9 7
0x0007 1+1+1+1 3 3 4 4 1 2 9 5 6 9 7
0x0007 1+1+1+2 3 3 4 4 1 5 9 2 6 9 7
0x0007 1+1+1+2 3 3 4 4 1 2 9 5 6 9 7
0x0007 1+1+2+1 3 3 4 4 1 5 9 2 6 9 7
0x0007 1+1+2+2 3 3 4 4 1 2 9 5 6 9 7
0x0007 1+1+2+4 3 3 4 4 1 5 9 2 6 9 7
0x0007 1+1+2+1 3 3 4 4 1 2 9 5 6 9 7
0x0007 1+1+2+4 3 3 4 4 1 5 9 2 6 9 7
0x0007 1+1+4+1 3 3 4 4 1 2 9 5 6 9 7
0x0007 1+1+4+2 3 3 4 4 1 5 9 2 6 9 7
0x0007 1+2+1+4 3 3 4 4 1 2 9 5 6 9 7
0x0007 1+2+2+1 3 3 4 4 1 5 9 2 6 9 7
0x0007 1+2+2+4 3 3 4 4 1 2 9 5 6 9 7
0x0007 1+2+2+1 3 3 4 4 1 5 9 2 6 9 7
0x0007 1+2+2+2 3 3 4 4 1 2 9 5 6 9 7
0x0007 1+2+2+4 3 3 4 4 1 5 9 2 6 9 7
0x0007 1+2+4+1 3 3 4 4 1 2 9 5 6 9 7
0x0007 1+2+4+2 3 3 4 4 1 5 9 2 6 9 7
0x0007 1+2+2+4 3 3 4 4 1 2 9 5 6 9 7
0x0007 1+2+4+1 3 3 4 4 1 5 9 2 6 9 7
0x0007 1+2+4+2 3 3 4 4 1 2 9 5 6 9 7
0x0007 1+2+4+4 3 3 4 4 1 5 9 2 6 9 7
0x0007 2+1+1+4 3 3 4 4 1 2 9 5 6 9 7
0x0007 2+1+2+1 3 3 4 4 1 5 9 2 6 9 7
0x0007 2+1+2+4 3 3 4 4 1 2 9 5 6 9 7
0x0007 2+1+2+1 3 3 4 4 1 5 9 2 6 9 7
0x0007 2+1+2+2 3 3 4 4 1 2 9 5 6 9 7
0x0007 2+1+2+4 3 3 4 4 2 5 9 1 6 9 7
0x0007 2+1+4+1 3 3 4 4 1 2 9 5 6 9 7
0x0007 2+1+4+2 3 3 4 4 2 5 9 1 6 9 7
0x0007 2+2+1+1 3 3 4 4 1 5 9 2 6 9 7
0x0007 2+1+2+4 3 3 4 4 1 2 9 5 6 9 7
0x0007 2+1+4+1 3 3 4 4 1 5 9 2 6 9 7
0x0007 2+1+4+2 3 3 4 4 1 2 9 5 6 9 7
0x0007 2+1+4+4 3 3 4 4 2 5 9 1 6 9 7
0x0007 2+2+1+1 3 3 4 4 1 5 9 2 6 9 7
0x0007 2+4+1+4 3 3 4 4 2 5 9 1 6 9 7
0x0007 2+4+2+1 3 3 4 4 1 5 9 2 6 9 7
0x0007 2+4+2+2 3 3 4 4 2 5 9 1 6 9 7
0x0007 2+4+2+4 3 3 4 4 1 5 9 2 6 9 7
0x0007 2+4+4+1 3 3 4 4 2 5 9 1 6 9 7
0x0007 2+4+4+2 3 3 4 4 1 5 9 2 6 9 7
0x0007 4+2+1+2 3 3 4 4 2 5 9 1 6 9 7
0x0007 4+2+1+4 3 3 4 4 1 5 9 2 6 9 7
0x0007 4+2+2+1 3 3 4 4 2 5 9 1 6 9 7
0x0007 4+2+2+4 3 3 4 4 1 5 9 2 6 9 7
0x0007 4+2+2+1 3 3 4 4 2 5 9 1 6 9 7
0x0007 4+2+2+2 3 3 4 4 1 5 9 2 6 9 7
0x000f 1+1+1+1 1 1 2 9 5
