T 2
A 1 5
S 6 4
0x033c 1+1+1+1 4 1 3 9 2 5 14 1 3 4 6 7 9 8
0x033c 1+2+2+1 4 2 3 9 2 3 4 1 6 9 5 7 14 8
0x033c 1+2+4+1 4 1 3 9 2 5 14 1 3 4 6 7 9 8
0x033c 2+2+2+1 4 1 3 9 1 3 4 2 6 9 5 7 14 8
0x033c 2+2+2+1 4 1 3 9 2 5 14 1 3 4 6 7 9 8
0x033c 2+2+4+1 4 1 3 9 1 3 4 2 6 9 5 7 14 8
0x033c 2+2+1+1 4 1 3 9 2 5 14 1 3 4 6 7 9 8
0x033c 2+2+4+1 4 1 2 14 2 5 4 3 6 7 5 7 14 8
0x033c 2+4+1+1 4 1 3 9 2 5 14 1 3 4 6 7 9 8
0x033c 2+4+2+1 4 2 3 9 2 3 4 1 6 9 5 7 14 8
0x033c 2+4+2+1 4 1 3 14 3 5 4 2 6 7 5 7 14 8
0x033c 2+4+4+1 4 1 3 9 1 3 4 2 6 9 5 7 14 8
0x033c 2+1+1+1 4 1 3 9 2 5 14 1 3 4 6 7 9 8
0x033c 2+1+2+1 4 1 3 9 1 3 4 2 6 9 5 7 14 8
0x033c 2+2+1+1 4 1 3 9 2 5 14 1 3 4 6 7 9 8
0x033c 2+2+4+1 4 1 2 14 1 5 4 3 6 7 5 7 14 8
0x033c 2+2+1+1 4 1 2 9 1 2 4 3 6 9 5 7 14 8
0x033c 2+2+2+1 4 1 3 9 2 5 14 1 3 4 6 7 9 8
0x033c 2+2+4+1 4 1 3 4 2 5 7 3 6 14 1 7 14 8
0x033c 2+4+1+1 4 1 3 9 2 5 14 1 3 4 6 7 9 8
0x033c 2+4+2+1 4 1 3 14 1 5 4 2 6 7 5 7 14 8
0x033c 2+4+2+1 4 1 3 14 3 5 4 2 6 7 5 7 14 8
0x033c 2+4+4+1 4 1 3 9 1 3 4 2 6 9 5 7 14 8
0x033c 4+1+1+1 4 1 3 9 2 5 14 1 3 4 6 7 9 8
0x033c 4+1+2+1 4 1 3 9 1 3 4 2 6 9 5 7 14 8
0x033c 4+1+4+1 4 1 3 9 2 5 14 1 3 4 6 7 9 8
0x033c 4+2+2+1 4 1 3 9 1 3 4 2 6 9 5 7 14 8
0x033c 4+2+2+1 4 2 3 14 3 5 4 1 6 7 5 7 14 8
0x033c 4+2+4+1 4 1 3 9 2 5 14 1 3 4 6 7 9 8
0x033c 4+2+2+1 4 2 3 14 2 5 4 1 6 7 5 7 14 8
0x033c 4+2+2+1 4 1 3 4 2 5 7 1 6 14 3 7 14 8
0x033c 4+2+4+1 4 1 3 9 2 5 14 1 3 4 6 7 9 8
0x033c 4+4+2+1 4 1 3 9 1 3 4 2 6 9 5 7 14 8
0x033c 4+4+4+1 4 1 3 9 2 5 14 1 3 4 6 7 9 8
