T 2
A 1 5
S 5 4
0x06f9 1+1+1+1 3 3 4 14 2 5 9 1 6 14 7
0x0776 1+1+1+1 6 UNSAT
0x0778 1+1+1+1 5 UNSAT
0x07b0 1+1+1+1 4 1 4 14 3 5 4 1 2 14 6 7 9 8
0x07b0 1+1+2+1 4 2 4 14 3 5 7 1 2 14 6 7 7 8
0x07b0 1+1+2+2 4 1 4 14 3 5 4 1 2 14 6 7 9 8
0x07b0 1+1+2+1 4 2 4 14 3 5 7 1 2 14 6 7 7 8
0x07b0 1+1+2+2 4 1 4 14 3 5 4 1 2 14 6 7 9 8
0x07b0 2+1+4+1 4 2 4 14 3 5 7 1 2 14 6 7 7 8
0x07b0 2+1+4+2 4 1 4 14 3 5 4 1 2 14 6 7 9 8
0x07b0 2+4+4+4 4 2 4 14 3 5 7 1 2 14 6 7 7 8
0x07b0 2+1+1+1 4 1 4 14 3 5 4 1 2 14 6 7 9 8
0x07b0 2+1+4+1 4 2 4 14 3 5 7 1 2 14 6 7 7 8
0x07b0 2+1+4+2 4 1 4 14 3 5 4 1 2 14 6 7 9 8
0x07b0 2+4+4+4 4 2 4 14 3 5 7 1 2 14 6 7 7 8
0x07b0 4+1+1+1 4 1 4 14 3 5 4 1 2 14 6 7 9 8
0x07b0 4+4+2+4 4 2 4 14 3 5 7 1 2 14 6 7 7 8
0x07b0 4+4+2+1 4 1 4 14 3 5 4 1 2 14 6 7 9 8
0x07b0 4+4+2+4 4 2 4 14 3 5 7 1 2 14 6 7 7 8
0x07b0 4+4+4+1 4 1 4 14 3 5 4 1 2 14 6 7 9 8
0x07b1 1+1+1+1 6 UNSAT
