T 2
A 1 5
S 6 4
0x01a8 1+1+1+1 4 2 3 9 1 5 14 1 4 14 6 7 9 8
0x01a8 1+2+2+2 4 2 3 9 1 5 14 4 5 14 6 7 7 8
0x01a8 1+2+4+1 4 2 3 9 1 5 14 1 4 14 6 7 9 8
0x01a8 1+2+2+2 4 2 3 9 1 5 14 4 5 14 6 7 7 8
0x01a8 1+2+2+1 4 2 3 9 1 5 14 1 4 14 6 7 9 8
0x01a8 2+1+4+2 4 2 3 9 1 5 14 4 5 14 6 7 7 8
0x01a8 2+2+1+1 4 2 3 9 1 5 14 1 4 14 6 7 9 8
0x01a8 2+2+2+2 4 2 3 9 1 5 14 4 5 14 6 7 7 8
0x01a8 2+2+2+1 4 2 3 9 1 5 14 1 4 14 6 7 9 8
0x01a8 2+2+2+4 4 2 3 9 1 5 14 4 5 14 6 7 7 8
0x01a8 2+2+4+1 4 2 3 9 1 5 14 1 4 14 6 7 9 8
0x01a8 2+2+2+4 4 2 3 9 1 5 14 4 5 14 6 7 7 8
0x01a8 2+2+2+1 4 2 3 9 1 5 14 1 4 14 6 7 9 8
0x01a8 2+4+1+2 4 2 3 9 1 5 14 4 5 14 6 7 7 8
0x01a8 2+4+2+1 4 2 3 9 1 5 14 1 4 14 6 7 9 8
0x01a8 2+1+2+1 4 2 3 9 1 5 14 4 5 14 6 7 7 8
0x01a8 2+1+2+2 4 2 3 9 1 5 14 1 4 14 6 7 9 8
0x01a8 2+1+4+2 4 2 3 9 1 4 14 4 5 14 6 7 7 8
0x01a8 2+1+4+4 4 2 3 9 1 5 14 4 5 14 6 7 7 8
0x01a8 2+2+1+1 4 2 3 9 1 5 14 1 4 14 6 7 9 8
0x01a8 2+2+2+2 4 2 3 9 1 4 14 4 5 14 6 7 7 8
0x01a8 2+2+2+4 4 2 3 9 1 5 14 4 5 14 6 7 7 8
0x01a8 2+2+2+1 4 2 3 9 1 5 14 1 4 14 6 7 9 8
0x01a8 2+2+2+4 4 2 3 9 1 4 14 4 5 14 6 7 7 8
0x01a8 2+2+4+1 4 2 3 9 1 5 14 1 4 14 6 7 9 8
0x01a8 2+2+1+1 4 2 3 9 1 5 14 4 5 14 6 7 7 8
0x01a8 2+2+1+2 4 2 3 9 1 5 14 1 4 14 6 7 9 8
0x01a8 2+2+2+4 4 2 3 9 1 4 14 4 5 14 6 7 7 8
0x01a8 2+2+2+1 4 2 3 9 1 5 14 1 4 14 6 7 9 8
0x01a8 2+4+1+2 4 2 3 9 1 4 14 4 5 14 6 7 7 8
0x01a8 2+4+1+4 4 2 3 9 1 5 14 4 5 14 6 7 7 8
0x01a8 2+4+2+1 4 2 3 9 1 5 14 1 4 14 6 7 9 8
0x01a8 4+1+4+2 4 2 3 9 1 5 14 4 5 14 6 7 7 8
0x01a8 4+1+4+4 4 2 3 9 1 5 14 1 4 14 6 7 9 8
0x01a8 4+2+2+2 4 2 3 9 1 5 14 4 5 14 6 7 7 8
0x01a8 4+2+2+4 4 2 3 9 1 5 14 1 4 14 6 7 9 8
0x01a8 4+2+4+4 4 2 3 9 1 4 14 4 5 14 6 7 7 8
0x01a8 4+2+1+1 4 2 3 9 1 5 14 1 4 14 6 7 9 8
0x01a8 4+4+1+2 4 2 3 9 1 5 14 4 5 14 6 7 7 8
0x01a8 4+4+1+4 4 2 3 9 1 5 14 1 4 14 6 7 9 8
0x01a8 4+4+2+4 4 2 3 9 1 4 14 4 5 14 6 7 7 8
0x01a8 4+4+2+1 4 2 3 9 1 5 14 1 4 14 6 7 9 8
0x01a9 1+1+1+1 4 2 3 9 1 5 4 4 6 7 5 7 14 8
0x01a9 1+4+4+1 4 2 3 9 1 4 4 5 6 7 4 7 14 8
0x01a9 1+4+4+2 4 2 3 9 1 5 4 4 6 7 5 7 14 8
0x01a9 2+1+2+1 4 2 3 9 1 5 4 4 5 14 6 7 7 8
0x01a9 2+1+2+2 4 2 3 9 1 5 4 4 6 7 5 7 14 8
0x01a9 2+2+1+1 4 2 3 9 1 5 4 4 5 14 6 7 7 8
0x01a9 2+2+1+2 4 2 3 9 1 5 4 4 6 7 5 7 14 8
0x01a9 2+1+2+1 4 2 3 9 1 5 4 4 5 14 6 7 7 8
0x01a9 2+1+2+2 4 2 3 9 1 5 4 4 6 7 5 7 14 8
0x01a9 2+1+2+1 4 2 3 9 1 5 4 4 5 14 6 7 7 8
0x01a9 2+1+2+2 4 2 3 9 1 4 4 5 6 7 4 7 14 8
0x01a9 2+1+2+2 4 2 3 9 1 5 4 4 6 7 5 7 14 8
0x01a9 2+1+4+2 4 2 3 9 1 4 4 5 6 7 4 7 14 8
0x01a9 2+1+4+2 4 2 3 9 1 5 4 4 6 7 5 7 14 8
0x01a9 2+2+1+1 4 2 3 9 1 5 4 4 5 14 6 7 7 8
0x01a9 2+2+1+2 4 2 3 9 1 5 4 4 6 7 5 7 14 8
0x01a9 2+2+2+2 4 2 3 9 1 4 4 5 6 7 4 7 14 8
0x01a9 2+2+2+2 4 2 3 9 1 5 4 4 6 7 5 7 14 8
0x01a9 2+2+2+2 4 2 3 9 1 4 4 5 6 7 4 7 14 8
0x01a9 2+2+2+4 4 2 3 9 1 5 4 4 6 7 5 7 14 8
0x01a9 2+2+1+1 4 2 3 9 1 5 4 4 5 14 6 7 7 8
0x01a9 2+2+1+2 4 2 3 9 1 4 4 5 6 7 4 7 14 8
0x01a9 2+2+1+2 4 2 3 9 1 5 4 4 6 7 5 7 14 8
0x01a9 2+2+2+2 4 2 3 9 1 4 4 5 6 7 4 7 14 8
0x01a9 2+2+2+4 4 2 3 9 1 5 4 4 6 7 5 7 14 8
0x01a9 2+4+1+2 4 2 3 9 1 4 4 5 6 7 4 7 14 8
0x01a9 2+4+1+2 4 2 3 9 1 5 4 4 6 7 5 7 14 8
0x01a9 4+1+1+4 4 2 3 9 1 4 4 5 6 7 4 7 14 8
0x01a9 4+1+2+1 4 2 3 9 1 5 4 4 6 7 5 7 14 8
0x01a9 4+2+2+2 4 2 3 9 1 4 4 5 6 7 4 7 14 8
0x01a9 4+2+2+2 4 2 3 9 1 5 4 4 6 7 5 7 14 8
0x01a9 4+2+4+2 4 2 3 9 1 4 4 5 6 7 4 7 14 8
0x01a9 4+2+4+4 4 2 3 9 1 5 4 4 6 7 5 7 14 8
0x01a9 4+2+2+2 4 2 3 9 1 4 4 5 6 7 4 7 14 8
0x01a9 4+2+2+2 4 2 3 9 1 5 4 4 6 7 5 7 14 8
0x01a9 4+2+2+2 4 2 3 9 1 4 4 5 6 7 4 7 14 8
0x01a9 4+2+2+4 4 2 3 9 1 5 4 4 6 7 5 7 14 8
0x01a9 4+4+2+2 4 2 3 9 1 4 4 5 6 7 4 7 14 8
0x01a9 4+4+2+4 4 2 3 9 1 5 4 4 6 7 5 7 14 8
0x01aa 1+1+1+1 4 2 3 9 1 5 4 4 6 9 1 7 14 8
0x01aa 2+1+2+4 4 2 3 9 1 5 4 1 4 14 6 7 9 8
0x01aa 2+1+2+1 4 2 3 9 1 5 4 4 6 9 1 7 14 8
0x01aa 2+1+2+2 4 2 3 9 1 5 4 1 4 14 6 7 9 8
0x01aa 2+1+4+1 4 2 3 9 1 5 4 4 6 9 1 7 14 8
0x01aa 2+1+4+4 4 2 3 9 4 5 7 1 6 4 4 7 14 8
0x01aa 2+2+1+1 4 2 3 9 1 5 4 4 6 9 1 7 14 8
0x01aa 2+2+1+4 4 2 3 9 1 5 4 1 4 14 6 7 9 8
0x01aa 2+2+2+1 4 2 3 9 1 5 4 4 6 9 1 7 14 8
0x01aa 2+2+2+4 4 2 3 9 4 5 7 1 6 4 4 7 14 8
0x01aa 2+2+2+1 4 2 3 9 1 5 4 4 6 9 1 7 14 8
0x01aa 2+2+1+2 4 2 3 9 1 5 4 1 4 14 6 7 9 8
0x01aa 2+2+2+1 4 2 3 9 1 5 4 4 6 9 1 7 14 8
0x01aa 2+4+1+4 4 2 3 9 4 5 7 1 6 4 4 7 14 8
0x01aa 2+4+2+1 4 2 3 9 1 5 4 4 6 9 1 7 14 8
0x01aa 2+1+2+4 4 2 3 9 1 5 4 1 4 14 6 7 9 8
0x01aa 2+1+2+1 4 2 3 9 1 5 4 4 6 9 1 7 14 8
0x01aa 2+1+2+2 4 2 3 9 1 5 4 1 4 14 6 7 9 8
0x01aa 2+1+4+1 4 2 3 9 1 5 4 4 6 9 1 7 14 8
0x01aa 2+1+4+2 4 2 3 9 4 5 7 1 6 4 4 7 14 8
0x01aa 2+2+1+1 4 2 3 9 1 5 4 4 6 9 1 7 14 8
0x01aa 2+2+1+4 4 2 3 9 1 5 4 1 4 14 6 7 9 8
0x01aa 2+2+2+1 4 2 3 9 1 5 4 4 6 9 1 7 14 8
0x01aa 2+2+2+2 4 2 3 9 4 5 7 1 6 4 4 7 14 8
0x01aa 2+2+2+1 4 2 3 9 1 5 4 4 6 9 1 7 14 8
0x01aa 2+2+2+4 4 2 3 9 4 5 7 1 6 4 4 7 14 8
0x01aa 2+2+4+1 4 2 3 9 1 5 4 4 6 9 1 7 14 8
0x01aa 2+2+1+2 4 2 3 9 1 5 4 1 4 14 6 7 9 8
0x01aa 2+2+2+1 4 2 3 9 1 5 4 4 6 9 1 7 14 8
0x01aa 2+2+2+4 4 2 3 9 4 5 7 1 6 4 4 7 14 8
0x01aa 2+2+2+1 4 2 3 9 1 5 4 4 6 9 1 7 14 8
0x01aa 2+4+1+2 4 2 3 9 4 5 7 1 6 4 4 7 14 8
0x01aa 2+4+2+1 4 2 3 9 1 5 4 4 6 9 1 7 14 8
0x01aa 4+2+2+2 4 2 3 9 1 5 4 1 4 14 6 7 9 8
0x01aa 4+2+2+4 4 2 3 9 1 5 4 4 6 9 1 7 14 8
0x01aa 4+2+4+2 4 2 3 9 4 5 7 1 6 4 4 7 14 8
0x01aa 4+2+4+2 4 2 3 9 1 5 4 4 6 9 1 7 14 8
0x01aa 4+2+2+2 4 2 3 9 1 5 4 1 4 14 6 7 9 8
0x01aa 4+2+2+4 4 2 3 9 1 5 4 4 6 9 1 7 14 8
0x01aa 4+2+2+2 4 2 3 9 4 5 7 1 6 4 4 7 14 8
0x01aa 4+2+2+2 4 2 3 9 1 5 4 4 6 9 1 7 14 8
0x01aa 4+2+4+2 4 2 3 9 4 5 7 1 6 4 4 7 14 8
0x01aa 4+2+4+2 4 2 3 9 1 5 4 4 6 9 1 7 14 8
0x01aa 4+4+2+2 4 2 3 9 4 5 7 1 6 4 4 7 14 8
0x01aa 4+4+2+2 4 2 3 9 1 5 4 4 6 9 1 7 14 8
0x01aa 4+4+2+2 4 2 3 9 4 5 7 1 6 4 4 7 14 8
0x01aa 4+4+2+2 4 2 3 9 1 5 4 4 6 9 1 7 14 8
0x01ab 1+1+1+1 4 1 4 7 2 3 9 4 6 9 5 7 14 8
0x01ab 1+1+2+1 4 1 4 7 2 4 9 3 6 9 5 7 14 8
0x01ab 1+1+2+2 4 1 4 7 2 3 9 4 6 9 5 7 14 8
0x01ab 1+1+4+1 4 1 4 7 2 4 9 3 6 9 5 7 14 8
0x01ab 1+1+4+2 4 1 4 7 2 3 9 4 6 9 5 7 14 8
0x01ab 1+2+2+1 4 1 4 7 2 4 9 3 6 9 5 7 14 8
0x01ab 1+2+2+2 4 1 4 7 2 3 9 4 6 9 5 7 14 8
0x01ab 1+2+1+1 4 1 4 7 3 4 9 2 6 9 5 7 14 8
0x01ab 1+2+1+2 4 1 4 7 2 3 9 4 6 9 5 7 14 8
0x01ab 1+4+1+1 4 1 4 7 3 4 9 2 6 9 5 7 14 8
0x01ab 1+4+1+2 4 1 4 7 2 3 9 4 6 9 5 7 14 8
0x01ab 2+2+4+2 4 1 4 7 2 4 9 3 6 9 5 7 14 8
0x01ab 2+2+4+4 4 1 4 7 3 4 9 2 6 9 5 7 14 8
0x01ab 2+4+1+1 4 1 4 7 2 3 9 4 6 9 5 7 14 8
0x01ab 2+4+2+2 4 1 4 7 2 4 9 3 6 9 5 7 14 8
0x01ab 2+4+2+2 4 1 4 7 3 4 9 2 6 9 5 7 14 8
0x01ab 2+4+2+4 4 1 4 7 2 4 9 3 6 9 5 7 14 8
0x01ab 2+4+4+1 4 1 4 7 2 3 9 4 6 9 5 7 14 8
0x01ab 2+4+4+4 4 2 3 9 4 5 7 1 4 4 6 7 7 8
0x01ab 2+1+1+1 4 1 4 7 2 3 9 4 6 9 5 7 14 8
0x01ab 2+2+2+2 4 1 4 7 2 4 9 3 6 9 5 7 14 8
0x01ab 2+2+2+2 4 1 4 7 2 3 9 4 6 9 5 7 14 8
0x01ab 2+2+4+1 4 1 4 7 2 4 9 3 6 9 5 7 14 8
0x01ab 2+2+4+2 4 1 4 7 2 3 9 4 6 9 5 7 14 8
0x01ab 2+4+2+1 4 1 4 7 2 4 9 3 6 9 5 7 14 8
0x01ab 2+4+2+2 4 1 4 7 2 3 9 4 6 9 5 7 14 8
0x01ab 2+4+4+1 4 1 4 7 2 4 9 3 6 9 5 7 14 8
0x01ab 2+4+4+2 4 2 3 9 4 5 7 1 4 4 6 7 7 8
0x01ab 4+1+1+1 4 1 4 7 2 3 9 4 6 9 5 7 14 8
0x01ab 4+2+4+2 4 1 4 7 2 4 9 3 6 9 5 7 14 8
0x01ab 4+2+4+4 4 1 4 7 2 3 9 4 6 9 5 7 14 8
0x01ab 4+2+2+2 4 2 3 9 4 5 7 1 4 4 6 7 7 8
0x01ab 4+2+2+4 4 1 4 7 2 3 9 4 6 9 5 7 14 8
0x01ab 4+2+4+1 4 1 4 7 2 3 9 4 6 9 5 7 4 8
0x01ab 4+2+4+2 4 2 3 9 4 5 7 1 4 4 6 7 7 8
0x01ab 4+4+1+1 4 1 4 7 2 3 9 4 6 9 5 7 14 8
0x01ab 4+4+2+2 4 1 4 7 3 4 9 2 6 9 5 7 14 8
0x01ab 4+4+2+4 4 1 4 7 2 3 9 4 6 9 5 7 14 8
0x01ab 4+4+2+1 4 1 4 7 2 3 9 4 6 9 5 7 4 8
0x01ab 4+4+2+2 4 2 3 9 4 5 7 1 4 4 6 7 7 8
0x01ab 4+4+4+1 4 1 4 7 2 3 9 4 6 9 5 7 4 8
0x01ab 4+4+4+2 4 2 3 9 4 5 7 1 4 4 6 7 7 8
0x01ab 4+4+4+4 4 2 3 9 1 5 14 4 6 7 5 7 14 8
