T 2
A 1 10
S 11 4
0x0001 5+5+5+5 3 1 3 9 2 5 9 4 6 9 7
0x0003 5+5+5+5 2 1 2 9 3 5 9 6
0x0006 5+5+5+5 3 3 4 14 1 5 9 2 6 9 7
0x0007 5+5+5+5 3 3 4 4 1 2 9 5 6 9 7
0x000f 5+5+5+5 1 1 2 9 5
0x0016 5+5+5+5 5 3 4 14 3 5 4 4 5 4 1 6 9 2 5 14 7 8 7 9
0x0017 5+5+5+5 5 3 4 4 3 4 9 1 5 9 2 6 4 7 8 9 9
0x0018 5+5+5+5 4 2 3 14 1 5 9 2 4 14 6 7 9 8
0x0019 5+5+5+5 4 2 3 4 1 5 9 3 4 14 6 7 7 8
0x001b 5+5+5+5 4 2 4 7 3 4 9 5 6 14 1 7 9 8
0x001e 5+5+5+5 3 3 4 9 2 5 14 1 6 9 7
0x001f 5+5+5+5 3 3 4 9 2 5 4 1 6 9 7
0x003c 5+5+5+5 2 2 3 14 1 5 9 6
0x003d 5+5+5+5 4 2 4 9 3 5 7 2 6 14 1 7 9 8
0x003f 5+5+5+5 2 2 3 4 1 5 9 6
0x0069 5+5+5+5 3 2 3 14 4 5 14 1 6 9 7
0x006b 5+5+5+5 5 2 4 14 2 4 7 3 5 14 6 7 4 1 8 9 9
0x006f 5+5+5+5 3 3 4 14 2 5 4 1 6 9 7
0x007e 5+5+5+5 4 2 3 14 2 4 14 5 6 4 1 7 9 8
0x007f 5+5+5+5 3 2 3 4 4 5 4 1 6 9 7
0x00ff 5+5+5+5 1 1 3 12 5
0x0116 5+5+5+5 7 3 4 9 1 3 9 2 4 14 1 2 9 5 8 14 6 7 7 9 10 7 11
0x0117 5+5+5+5 7 3 4 4 1 2 14 1 5 9 6 7 4 3 4 9 6 9 7 8 10 7 11
0x0118 5+5+5+5 6 2 4 14 3 4 14 1 5 14 6 7 4 1 4 4 8 9 7 10
0x0119 5+5+5+5 6 2 3 9 1 5 4 2 3 4 3 4 14 7 8 7 6 9 9 10
0x011a 5+5+5+5 6 1 2 14 3 4 9 2 4 7 5 7 14 6 7 4 8 9 9 10
0x011b 5+5+5+5 6 1 2 4 2 4 7 1 6 9 3 4 9 7 8 14 5 9 9 10
0x011e 5+5+5+5 5 1 2 4 3 5 9 1 2 9 4 6 9 7 8 14 9
0x011f 5+5+5+5 5 1 2 4 1 2 9 4 5 9 3 7 9 6 8 4 9
0x012c 5+5+5+5 5 1 3 9 2 5 14 3 4 9 1 7 14 6 8 9 9
0x012d 5+5+5+5 5 2 3 14 3 4 9 1 5 7 6 7 4 5 8 14 9
0x012f 5+5+5+5 5 3 4 7 3 5 7 1 6 4 2 5 4 7 8 9 9
0x013c 5+5+5+5 5 1 3 9 2 5 14 3 4 9 1 7 4 6 8 9 9
0x013d 5+5+5+5 5 1 3 9 3 4 9 1 6 14 2 7 9 5 8 14 9
0x013e 5+5+5+5 5 3 4 9 2 5 9 2 3 4 1 7 9 6 8 14 9
0x013f 5+5+5+5 5 1 3 9 3 4 9 1 6 14 2 7 9 5 8 4 9
0x0168 5+5+5+5 5 2 4 9 1 5 14 2 3 14 4 7 14 6 8 9 9
0x0169 5+5+5+5 5 2 3 9 1 5 4 2 3 14 4 7 14 6 8 9 9
0x016b 5+5+5+5 6 2 3 9 2 3 4 4 6 14 1 7 9 4 5 9 8 9 14 10
0x016f 5+5+5+5 5 3 4 14 3 5 7 1 6 4 2 5 4 7 8 9 9
0x017f 5+5+5+5 6 2 4 9 2 3 4 4 6 4 1 7 9 3 5 9 8 9 4 10
0x0180 5+5+5+5 5 1 2 14 1 3 14 1 4 14 5 6 9 7 8 9 9
0x0181 5+5+5+5 5 3 4 14 1 4 4 2 4 14 6 7 7 5 8 7 9
0x0182 5+5+5+5 5 1 4 14 2 4 7 2 3 14 5 6 7 7 8 7 9
0x0183 5+5+5+5 5 1 4 7 2 4 9 5 6 14 2 3 14 7 8 7 9
0x0186 5+5+5+5 5 3 4 9 1 5 14 3 4 4 2 7 14 6 8 7 9
0x0189 5+5+5+5 5 1 4 7 2 3 9 4 6 9 3 5 7 7 8 14 9
0x018b 5+5+5+5 5 1 4 7 3 4 9 5 6 14 2 3 7 7 8 7 9
0x018f 5+5+5+5 5 3 4 4 2 5 7 3 4 9 1 7 4 6 8 7 9
0x0198 5+5+5+5 4 2 3 9 1 5 14 3 4 14 6 7 7 8
0x0199 5+5+5+5 4 2 3 9 1 5 4 3 4 14 6 7 7 8
0x019b 5+5+5+5 6 2 3 7 4 5 14 3 4 9 6 7 7 1 6 4 8 9 7 10
0x01a8 5+5+5+5 4 2 3 9 1 5 14 1 4 14 6 7 9 8
0x01a9 5+5+5+5 4 2 3 9 1 5 4 4 6 7 5 7 14 8
0x01aa 5+5+5+5 4 2 3 9 4 5 7 1 4 14 6 7 7 8
0x01ab 5+5+5+5 4 1 4 7 2 3 9 4 6 9 5 7 14 8
0x01ac 5+5+5+5 6 2 3 9 2 4 7 1 6 7 4 5 7 5 7 14 8 9 7 10
0x01ad 5+5+5+5 6 2 3 9 2 4 14 4 5 14 1 5 4 6 7 9 8 9 7 10
0x01ae 5+5+5+5 4 3 4 9 1 5 14 2 4 7 6 7 7 8
0x01af 5+5+5+5 4 3 4 9 1 5 4 2 4 7 6 7 7 8
0x01bc 5+5+5+5 6 2 3 14 4 5 7 2 4 14 1 6 14 5 7 7 8 9 7 10
0x01bf 5+5+5+5 5 1 2 14 4 5 9 1 6 4 3 6 7 7 8 14 9
0x01e9 5+5+5+5 6 2 3 9 2 3 4 4 6 9 5 7 14 1 7 4 8 9 7 10
0x01ea 5+5+5+5 5 2 4 9 3 5 14 1 5 14 4 6 9 7 8 7 9
0x01eb 5+5+5+5 5 3 4 9 2 4 9 1 5 4 6 7 7 5 8 14 9
0x01ee 5+5+5+5 4 3 4 9 2 5 7 1 6 4 5 7 14 8
0x01ef 5+5+5+5 4 3 4 9 1 5 7 2 5 9 6 7 14 8
0x01fe 5+5+5+5 3 2 3 9 4 5 9 1 6 14 7
0x033c 5+5+5+5 4 1 3 9 2 5 14 1 3 4 6 7 9 8
0x033d 5+5+5+5 6 2 4 7 3 5 7 2 6 14 1 3 14 7 8 7 2 9 14 10
0x033f 5+5+5+5 4 1 3 9 1 3 14 2 6 9 5 7 14 8
0x0356 5+5+5+5 3 1 4 9 2 3 9 5 6 14 7
0x0357 5+5+5+5 3 1 4 9 2 3 9 5 6 4 7
0x0358 5+5+5+5 5 2 3 9 1 5 7 3 4 7 1 7 7 6 8 14 9
0x0359 5+5+5+5 4 1 4 9 1 3 14 2 6 9 5 7 14 8
0x035a 5+5+5+5 4 1 4 9 2 5 14 1 3 4 6 7 9 8
0x035b 5+5+5+5 4 2 3 9 2 4 14 1 6 9 5 7 4 8
0x035f 5+5+5+5 4 1 4 9 1 3 4 2 6 9 5 7 4 8
0x0368 5+5+5+5 6 1 4 7 3 5 14 2 5 7 1 7 14 2 6 14 8 9 7 10
0x0369 5+5+5+5 5 1 4 7 2 5 14 1 6 4 3 7 7 6 8 14 9
0x036c 5+5+5+5 5 2 3 9 1 5 14 3 4 14 2 7 4 6 8 9 9
0x036e 5+5+5+5 5 3 4 14 1 5 9 1 3 14 2 7 9 6 8 4 9
0x036f 5+5+5+5 5 1 2 14 3 5 7 1 4 7 2 7 4 6 8 14 9
0x037d 5+5+5+5 6 1 3 4 2 5 7 3 6 14 4 7 9 1 7 14 8 9 4 10
0x03c0 5+5+5+5 3 1 3 14 2 3 14 5 6 7 7
0x03c1 5+5+5+5 5 1 4 9 2 5 7 1 6 14 2 3 14 7 8 7 5 9
0x03c3 5+5+5+5 3 1 3 4 2 5 7 3 6 14 7
0x03c7 5+5+5+5 5 1 3 7 2 3 9 2 4 7 5 7 7 6 8 14 9
0x03cf 5+5+5+5 3 1 3 7 2 3 9 5 6 14 7
0x03d4 5+5+5+5 5 2 3 9 2 3 14 4 6 7 1 5 14 7 8 7 9
0x03d5 5+5+5+5 5 1 4 9 1 3 14 2 3 14 6 7 7 5 8 4 9
0x03d7 5+5+5+5 5 1 4 9 1 3 4 2 3 14 6 7 7 5 8 4 9
0x03d8 5+5+5+5 6 2 3 14 4 5 9 3 6 14 1 7 14 1 5 7 8 9 7 10
0x03d9 5+5+5+5 5 1 4 7 1 3 14 2 6 7 5 7 4 3 8 14 9
0x03dc 5+5+5+5 4 1 4 7 2 5 4 3 6 9 1 7 14 8
0x03dd 5+5+5+5 5 2 3 9 1 5 7 3 4 7 1 7 7 6 8 14 9
0x03de 5+5+5+5 4 2 3 9 3 4 7 1 6 7 5 7 14 8
0x03fc 5+5+5+5 2 2 3 9 1 5 14 6
0x0660 5+5+5+5 3 3 4 14 1 2 14 5 6 9 7
0x0661 5+5+5+5 6 1 2 14 1 4 9 5 6 4 3 5 14 4 8 14 7 9 7 10
0x0663 5+5+5+5 5 1 2 9 1 2 4 4 5 7 3 7 14 6 8 9 9
0x0666 5+5+5+5 3 3 4 14 1 2 4 5 6 9 7
0x0669 5+5+5+5 5 1 2 4 1 3 14 4 6 14 2 7 14 5 8 7 9
0x066f 5+5+5+5 5 1 2 4 3 4 14 1 2 9 5 6 9 7 8 4 9
0x0676 5+5+5+5 5 2 4 7 3 5 7 1 2 4 4 6 14 7 8 9 9
0x067e 5+5+5+5 6 1 3 7 3 4 14 1 6 14 2 5 14 7 8 7 6 9 14 10
0x0690 5+5+5+5 4 1 3 14 4 5 14 1 2 14 6 7 9 8
0x0696 5+5+5+5 4 2 3 14 4 5 14 1 2 4 6 7 7 8
0x0697 5+5+5+5 6 3 4 14 1 5 7 1 3 7 5 7 4 2 8 9 6 9 14 10
0x069f 5+5+5+5 4 3 4 14 1 5 7 2 5 9 6 7 14 8
0x06b1 5+5+5+5 6 2 4 14 3 5 14 2 6 7 1 7 14 3 6 7 8 9 7 10
0x06b6 5+5+5+5 6 2 3 7 2 3 7 1 2 4 4 6 14 5 8 7 7 9 7 10
0x06f0 5+5+5+5 4 3 4 14 2 5 7 1 6 4 2 7 14 8
0x06f2 5+5+5+5 6 2 3 9 1 5 7 2 4 7 6 7 4 5 8 14 2 9 14 10
0x06f6 5+5+5+5 4 3 4 14 2 5 9 1 2 7 6 7 14 8
0x06f9 5+5+5+5 3 3 4 14 2 5 9 1 6 14 7
0x0776 5+5+5+5 6 3 4 14 1 2 14 3 6 9 1 2 4 5 8 9 7 9 4 10
0x0778 5+5+5+5 5 1 2 4 3 4 4 1 2 9 5 6 9 7 8 14 9
0x07b0 5+5+5+5 4 2 4 14 3 5 7 1 2 14 6 7 7 8
0x07b1 5+5+5+5 6 2 4 9 1 4 14 3 6 4 1 5 7 2 8 14 7 9 9 10
0x07b4 5+5+5+5 5 2 3 7 1 5 4 3 4 7 6 7 7 2 8 14 9
0x07bc 5+5+5+5 5 2 3 7 1 5 14 3 4 7 6 7 7 2 8 14 9
0x07e0 5+5+5+5 5 1 3 14 1 2 14 3 4 14 5 7 4 6 8 9 9
0x07f0 5+5+5+5 4 2 4 7 3 5 7 1 6 4 2 7 14 8
0x07f1 5+5+5+5 5 1 3 14 3 4 14 5 6 4 2 7 9 1 8 14 9
0x07f2 5+5+5+5 4 1 3 14 4 5 4 2 6 9 1 7 14 8
0x07f8 5+5+5+5 3 3 4 4 2 5 9 1 6 14 7
0x0ff0 5+5+5+5 1 1 2 14 5
0x1683 5+5+5+5 6 1 4 14 1 5 7 2 3 14 2 5 4 6 7 14 8 9 7 10
0x1696 5+5+5+5 5 1 3 4 2 3 14 5 6 4 4 7 7 6 8 14 9
0x1698 5+5+5+5 7 2 3 14 1 2 4 4 5 7 1 4 14 3 6 9 8 9 14 7 10 7 11
0x169e 5+5+5+5 5 2 3 14 1 5 14 3 6 4 4 7 7 5 8 14 9
0x16e9 5+5+5+5 5 2 3 9 1 5 14 2 3 4 4 7 9 6 8 14 9
0x178e 5+5+5+5 5 1 3 14 3 4 14 2 6 9 5 6 7 7 8 14 9
0x17e8 5+5+5+5 5 2 3 9 2 3 14 4 6 9 5 7 14 1 8 14 9
0x18e7 5+5+5+5 4 2 3 14 2 4 14 5 6 9 1 7 14 8
0x19e6 5+5+5+5 4 1 3 14 2 3 4 4 6 7 5 7 14 8
0x1be4 5+5+5+5 4 2 4 7 1 5 14 3 4 9 6 7 14 8
0x1ee1 5+5+5+5 3 3 4 9 1 5 14 2 6 14 7
0x3cc3 5+5+5+5 2 2 3 14 1 5 14 6
0x6996 5+5+5+5 3 1 3 14 2 5 14 4 6 14 7
E
