0x0116

0x0118

0x0119

0x011a

0x011b

0x011e

0x011f

0x012d

0x0169

0x0180

0x018f

0x0181

0x0182

0x0186

0x019b

0x01eb

0x036e

0x03c1 DONE
0.4 8244919357
-1 -2 -3 -4 -5 -6 -7 -8 9 -10 11 -12 13 -14 15 -16 -17 -18 19 20 21 22 -23 -24 -25 -26 27 -28 29 -30 -31 -32 -33 34 35 36 37 38 39 40 41 -42 43 -44 45 -46 47 48 49 50 -51 -52 -53 -54 55 56 57 58 -59 -60 -61 -62 -63 -64 -65 66 67 68 69 -70 -71 -72 -73 -74 75 -76 -77 -78 -79 80 -81 -82 -83 84 -85 -86 -87 -88 -89 -90 -91 -92 -93 94 -95 -96 -97 -98 -99 -100 -101 -102 -103 -104 -105 -106 107 -108 -109 -110 -111 -112 -113 114 -115 -116 -117 -118 -119 -120 -121 -122 -123 -124 -125 -126 -127 -128 -129 -130 -131 -132 -133 -134 -135 -136 -137 -138 -139 -140 -141 -142 -143 -144 -145 -146 -147 -148 -149 -150 -151 -152 -153 -154 -155 -156 -157 -158 -159 160 161 -162 -163 -164 165 -166 -167 168 169 -170 171 172 -173 174 -175

0x03c7 DONE
0.3 29664485982
-1 -2 -3 -4 -5 -6 -7 8 9 -10 -11 12 13 -14 -15 -16 -17 -18 -19 -20 21 22 -23 -24 -25 -26 -27 -28 29 30 -31 -32 -33 34 -35 36 -37 -38 -39 -40 -41 42 -43 44 -45 -46 -47 -48 -49 -50 -51 -52 53 54 -55 -56 -57 58 -59 -60 -61 -62 -63 -64 -65 66 67 68 69 -70 -71 -72 73 74 75 -76 -77 -78 -79 80 -81 82 -83 -84 -85 -86 -87 -88 89 -90 -91 -92 -93 -94 -95 -96 -97 -98 -99 -100 101 -102 -103 -104 -105 -106 -107 -108 -109 -110 -111 -112 -113 -114 -115 -116 -117 -118 -119 -120 -121 -122 -123 -124 -125 -126 -127 -128 -129 -130 131 -132 -133 -134 -135 -136 -137 -138 -139 -140 -141 -142 -143 -144 -145 -146 -147 -148 -149 -150 -151 -152 -153 -154 -155 -156 -157 -158 159 -160 -161 162 -163 164 -165 -166 -167 168 -169 -170 171 -172 -173 174 175

0x03d4

0x03d5 DONE
0.4 10082451286
-1 -2 -3 -4 -5 -6 -7 -8 9 -10 11 -12 13 -14 15 -16 17 18 -19 -20 21 22 23 24 -25 -26 27 28 -29 -30 -31 32 33 34 35 -36 -37 -38 -39 40 41 42 43 -44 -45 -46 -47 -48 -49 -50 51 52 53 54 -55 -56 -57 -58 -59 -60 -61 -62 -63 -64 -65 66 67 68 69 -70 71 -72 73 -74 75 -76 -77 -78 -79 80 -81 -82 -83 84 -85 -86 -87 88 -89 -90 -91 -92 -93 -94 -95 -96 -97 -98 99 -100 -101 -102 -103 -104 -105 -106 -107 -108 -109 -110 -111 -112 -113 -114 -115 -116 -117 -118 -119 -120 -121 -122 -123 -124 -125 -126 -127 -128 -129 -130 -131 132 -133 -134 -135 -136 -137 -138 -139 -140 -141 -142 -143 -144 -145 -146 -147 -148 -149 -150 -151 -152 -153 -154 -155 -156 -157 158 -159 -160 161 -162 -163 -164 165 166 -167 168 169 -170 171 -172 173 174 175

0x033d

0x067e

0x0676

0x0697

0x06f2

0x07b4

0x1683

0x0776

0x0778

0x03dd DONE
0.3 86026235524
-1 -2 -3 -4 -5 6 7 -8 -9 -10 -11 -12 -13 14 15 -16 -17 -18 -19 -20 21 22 -23 -24 -25 -26 -27 -28 -29 -30 -31 32 -33 -34 -35 36 -37 -38 -39 40 -41 -42 -43 44 -45 -46 -47 -48 -49 -50 -51 -52 53 54 -55 56 57 58 -59 60 -61 -62 -63 -64 -65 66 67 68 69 -70 71 72 73 -74 75 -76 -77 -78 -79 80 -81 -82 83 -84 -85 -86 -87 -88 -89 -90 -91 -92 93 -94 -95 -96 -97 -98 -99 -100 -101 102 -103 -104 -105 -106 -107 -108 -109 -110 -111 -112 -113 -114 -115 -116 -117 -118 -119 -120 -121 -122 -123 -124 -125 -126 127 -128 -129 -130 -131 -132 -133 -134 -135 -136 -137 -138 -139 -140 -141 -142 -143 -144 -145 -146 -147 -148 -149 -150 -151 -152 -153 -154 -155 -156 -157 -158 159 -160 161 -162 -163 -164 -165 166 -167 168 -169 -170 171 -172 -173 174 175

0x0661

0x07b1

0x0358 DONE
0.3 86026235524
-1 -2 -3 -4 -5 6 7 -8 -9 -10 -11 -12 -13 14 15 -16 -17 -18 -19 -20 21 22 -23 -24 -25 -26 -27 -28 -29 -30 -31 32 -33 -34 -35 36 -37 -38 -39 40 -41 -42 -43 44 -45 -46 -47 -48 -49 -50 -51 -52 53 54 -55 56 57 58 -59 60 -61 -62 -63 -64 -65 66 67 68 69 -70 71 72 73 -74 75 -76 -77 -78 -79 80 -81 -82 83 -84 -85 -86 -87 -88 -89 -90 -91 -92 93 -94 -95 -96 -97 -98 -99 -100 -101 102 -103 -104 -105 -106 -107 -108 -109 -110 -111 -112 -113 -114 -115 -116 -117 -118 -119 -120 -121 -122 -123 -124 -125 -126 127 -128 -129 -130 -131 -132 -133 -134 -135 -136 -137 -138 -139 -140 -141 -142 -143 -144 -145 -146 -147 -148 -149 -150 -151 -152 -153 -154 -155 -156 -157 -158 159 -160 161 -162 -163 -164 -165 166 -167 168 -169 -170 171 -172 -173 174 175

0x01ac

0x01bf

0x012f

0x006b

0x0016

0x0368

0x0669

0x066f

0x06b1

0x06b6

0x0183
0.4 6808700234 DONE
-1 -2 -3 -4 -5 -6 -7 8 -9 10 -11 12 -13 14 -15 -16 -17 -18 -19 20 -21 22 -23 -24 -25 -26 -27 28 -29 30 -31 -32 -33 -34 35 -36 37 38 -39 40 -41 42 43 44 45 -46 47 48 49 50 -51 -52 -53 -54 55 56 57 58 -59 -60 -61 -62 -63 -64 -65 -66 67 68 -69 -70 -71 -72 -73 74 75 -76 -77 -78 -79 80 -81 -82 -83 84 -85 -86 -87 -88 -89 -90 91 -92 -93 -94 -95 -96 -97 -98 -99 -100 -101 -102 -103 -104 -105 -106 -107 -108 -109 -110 111 -112 -113 114 -115 -116 -117 -118 -119 -120 -121 -122 -123 -124 -125 -126 -127 -128 -129 -130 -131 -132 -133 -134 -135 -136 -137 -138 -139 -140 -141 -142 -143 -144 -145 -146 -147 -148 -149 -150 -151 -152 -153 -154 -155 -156 -157 -158 -159 160 -161 162 -163 164 -165 -166 -167 168 169 -170 171 172 -173 174 -175

0x013c
0.4 20755649155 DONE
-1 -2 -3 -4 -5 -6 -7 -8 -9 10 11 -12 -13 14 15 -16 -17 -18 19 20 21 22 -23 -24 25 26 27 28 -29 -30 -31 -32 33 -34 -35 -36 37 -38 -39 -40 41 -42 -43 -44 45 -46 -47 48 -49 -50 -51 52 53 54 55 56 57 58 59 60 -61 -62 -63 -64 -65 -66 67 -68 -69 70 71 72 73 -74 -75 -76 -77 -78 -79 80 -81 82 -83 -84 -85 -86 -87 -88 -89 -90 -91 -92 -93 94 -95 -96 -97 -98 -99 -100 -101 102 -103 -104 -105 -106 -107 -108 -109 -110 -111 -112 -113 -114 -115 -116 -117 -118 -119 -120 -121 -122 -123 -124 -125 -126 127 -128 -129 -130 -131 -132 -133 -134 -135 -136 -137 -138 -139 -140 -141 -142 -143 -144 -145 -146 -147 -148 -149 -150 -151 -152 -153 -154 -155 -156 -157 -158 159 -160 161 -162 -163 -164 165 166 167 -168 -169 170 171 172 173 -174 -175


0x0189 
0.2 6169150457 DONE
-1 -2 -3 -4 -5 -6 -7 8 -9 10 -11 12 -13 14 -15 -16 -17 -18 -19 -20 21 22 -23 -24 -25 -26 -27 -28 29 30 -31 -32 -33 -34 -35 -36 37 -38 -39 -40 -41 -42 -43 -44 45 -46 -47 -48 -49 -50 -51 -52 53 -54 -55 -56 57 -58 -59 -60 -61 -62 -63 -64 -65 -66 67 68 -69 -70 -71 72 -73 -74 75 -76 -77 -78 -79 80 -81 -82 -83 84 -85 -86 -87 -88 89 -90 -91 -92 -93 -94 -95 -96 -97 -98 -99 -100 -101 -102 -103 -104 -105 -106 -107 -108 -109 110 -111 -112 -113 -114 -115 -116 -117 -118 -119 120 -121 -122 -123 -124 -125 -126 -127 -128 -129 -130 -131 -132 -133 -134 -135 -136 -137 -138 -139 -140 -141 -142 -143 -144 -145 -146 -147 -148 -149 -150 -151 -152 -153 -154 -155 -156 -157 -158 -159 160 -161 162 -163 164 -165 -166 167 -168 -169 -170 -171 172 -173 174 175

0x178e
0.4 8103961870 DONE
-1 2 3 -4 -5 6 7 8 9 -10 -11 12 13 -14 -15 16 17 -18 -19 20 21 -22 -23 24 25 -26 -27 28 29 -30 -31 -32 -33 -34 35 36 -37 -38 -39 -40 -41 -42 43 44 -45 -46 -47 48 -49 -50 -51 52 53 -54 -55 -56 57 -58 -59 -60 -61 -62 63 -64 65 66 67 68 -69 -70 -71 72 73 74 -75 -76 -77 -78 -79 80 -81 82 -83 -84 -85 -86 -87 -88 -89 -90 -91 92 -93 -94 -95 -96 -97 -98 -99 -100 -101 -102 -103 -104 -105 -106 -107 108 -109 -110 -111 -112 -113 -114 -115 -116 -117 -118 -119 -120 -121 -122 -123 -124 -125 126 -127 -128 -129 -130 -131 -132 -133 -134 -135 -136 -137 -138 -139 -140 -141 -142 -143 -144 -145 -146 -147 -148 -149 -150 -151 -152 -153 -154 -155 -156 -157 -158 -159 160 -161 162 163 -164 165 166 167 -168 -169 -170 171 -172 -173 174 175

0x012c
0.4 11575850766 DONE
-1 -2 -3 -4 -5 -6 -7 -8 -9 10 11 -12 -13 14 15 -16 -17 -18 19 20 21 22 -23 -24 25 26 27 28 -29 -30 -31 -32 33 -34 -35 -36 37 -38 -39 -40 41 -42 -43 -44 45 -46 -47 48 -49 -50 -51 52 53 54 55 -56 57 58 59 -60 -61 -62 -63 -64 -65 -66 67 -68 -69 70 -71 72 73 -74 -75 -76 -77 -78 -79 80 -81 82 -83 -84 -85 -86 -87 -88 -89 -90 -91 -92 -93 94 -95 -96 -97 -98 -99 -100 -101 102 -103 -104 -105 -106 -107 -108 -109 -110 -111 -112 -113 -114 -115 -116 -117 -118 -119 -120 -121 -122 -123 -124 -125 -126 127 -128 -129 -130 -131 -132 -133 -134 -135 -136 -137 -138 -139 -140 -141 -142 -143 -144 -145 -146 -147 -148 -149 -150 -151 -152 -153 -154 -155 -156 -157 -158 159 -160 161 -162 -163 -164 165 166 167 -168 -169 -170 171 172 173 -174 -175

0x018b
0.4 7037788052 DONE
-1 -2 -3 -4 -5 -6 -7 8 -9 10 -11 12 -13 14 -15 -16 -17 18 -19 -20 -21 22 -23 -24 -25 26 -27 -28 -29 30 -31 -32 33 -34 -35 -36 37 38 -39 40 41 42 -43 44 45 -46 47 48 -49 -50 -51 -52 -53 -54 55 56 -57 -58 -59 -60 -61 -62 -63 -64 -65 -66 67 68 -69 -70 -71 72 -73 74 75 -76 -77 -78 -79 80 -81 -82 -83 84 -85 -86 -87 -88 -89 -90 -91 92 -93 -94 -95 -96 -97 -98 -99 -100 -101 -102 -103 -104 -105 -106 -107 -108 -109 -110 111 -112 -113 114 -115 -116 -117 -118 -119 -120 -121 -122 -123 -124 -125 -126 -127 -128 -129 -130 -131 -132 -133 -134 -135 -136 -137 -138 -139 -140 -141 -142 -143 -144 -145 -146 -147 -148 -149 -150 -151 -152 -153 -154 -155 -156 -157 -158 -159 160 -161 162 -163 164 -165 -166 -167 168 169 -170 -171 172 -173 174 -175

0z03d7
0.5 9128095114 DONE
-1 -2 -3 -4 -5 -6 -7 -8 9 -10 11 -12 13 -14 15 -16 17 18 -19 -20 21 22 23 24 25 26 27 28 29 30 -31 32 33 34 35 -36 -37 -38 -39 40 41 42 43 -44 -45 -46 -47 -48 -49 -50 51 52 53 54 -55 -56 -57 -58 59 60 -61 -62 -63 -64 -65 66 67 68 69 -70 71 -72 73 74 75 -76 -77 -78 -79 80 -81 -82 -83 84 -85 -86 -87 88 -89 -90 -91 -92 -93 -94 -95 -96 -97 -98 99 -100 -101 -102 -103 -104 -105 -106 -107 -108 -109 -110 -111 -112 -113 -114 -115 -116 -117 -118 -119 -120 -121 -122 -123 -124 -125 -126 -127 -128 -129 -130 -131 132 -133 -134 -135 -136 -137 -138 -139 -140 -141 -142 -143 -144 -145 -146 -147 -148 -149 -150 -151 -152 -153 -154 -155 -156 -157 158 -159 -160 161 -162 -163 164 165 166 -167 168 169 -170 171 -172 173 174 175

0x03d8

0x16e9
0.5 118443038 DONE
-1 -2 -3 -4 -5 6 7 -8 -9 -10 -11 -12 -13 14 15 -16 -17 -18 -19 -20 21 22 23 24 25 26 27 28 -29 -30 -31 32 33 34 35 36 37 -38 -39 40 41 42 43 44 45 -46 -47 48 -49 50 -51 52 -53 -54 -55 56 -57 58 -59 60 -61 -62 63 -64 65 66 -67 68 69 70 -71 72 -73 -74 75 -76 -77 -78 -79 80 -81 -82 83 -84 -85 -86 -87 -88 -89 -90 -91 -92 93 -94 -95 -96 -97 -98 99 -100 -101 -102 -103 -104 -105 -106 -107 -108 -109 -110 -111 -112 -113 -114 -115 -116 -117 -118 -119 -120 -121 -122 -123 -124 -125 -126 -127 -128 -129 130 -131 -132 -133 -134 -135 -136 -137 -138 -139 -140 -141 -142 -143 -144 -145 -146 -147 -148 -149 -150 -151 -152 -153 -154 -155 -156 -157 -158 159 -160 161 -162 -163 -164 165 166 167 168 169 170 -171 -172 -173 174 175

0x07bc
0.4 52708979997 DONE
-1 -2 -3 4 5 -6 -7 -8 -9 -10 -11 12 13 -14 -15 -16 -17 -18 19 20 -21 -22 23 24 25 26 -27 -28 29 30 31 -32 -33 -34 35 -36 -37 -38 39 -40 -41 -42 43 -44 -45 -46 -47 -48 49 -50 -51 -52 53 -54 55 56 -57 -58 59 60 -61 -62 -63 -64 65 66 67 68 -69 70 71 72 73 -74 -75 -76 -77 -78 -79 80 -81 -82 83 -84 -85 -86 -87 -88 -89 -90 -91 -92 93 -94 -95 -96 -97 -98 -99 -100 -101 102 -103 -104 -105 -106 -107 -108 -109 -110 -111 -112 -113 -114 -115 -116 -117 -118 -119 -120 -121 -122 -123 -124 -125 -126 -127 -128 -129 -130 -131 132 -133 -134 -135 -136 -137 -138 -139 -140 -141 -142 -143 -144 -145 -146 -147 -148 -149 -150 -151 -152 -153 -154 155 -156 -157 -158 -159 -160 -161 162 -163 -164 165 166 -167 -168 169 -170 171 -172 -173 174 175

0x0369
0.5 38469113459 DONE
-1 -2 -3 -4 -5 -6 -7 8 -9 10 -11 12 -13 14 -15 -16 -17 -18 19 20 21 22 23 -24 25 -26 -27 28 -29 30 -31 -32 -33 34 35 36 37 38 39 40 41 42 43 44 45 -46 -47 -48 49 50 -51 -52 53 54 -55 -56 57 58 -59 -60 -61 -62 -63 -64 -65 66 67 -68 69 70 -71 72 -73 -74 75 -76 -77 -78 -79 80 -81 -82 -83 84 -85 -86 -87 -88 -89 -90 -91 -92 -93 94 -95 -96 -97 -98 -99 -100 -101 -102 -103 -104 -105 -106 107 -108 -109 -110 -111 -112 -113 -114 -115 -116 -117 -118 -119 -120 -121 -122 -123 -124 -125 -126 -127 -128 129 -130 -131 -132 -133 -134 -135 -136 -137 -138 -139 -140 -141 -142 -143 -144 -145 -146 -147 -148 -149 -150 -151 -152 -153 -154 -155 -156 -157 -158 159 -160 -161 162 -163 -164 165 166 167 168 169 -170 -171 172 -173 174 175

0x013d
0.4 20746811532 DONE
-1 -2 -3 -4 -5 -6 -7 -8 -9 10 11 -12 -13 14 15 -16 -17 18 -19 -20 -21 22 -23 -24 -25 26 -27 -28 -29 30 -31 -32 33 -34 -35 -36 37 38 39 40 -41 42 43 44 -45 -46 -47 -48 -49 -50 -51 52 -53 -54 -55 -56 57 58 59 -60 -61 -62 -63 -64 -65 -66 67 -68 -69 70 71 72 73 -74 75 -76 -77 -78 -79 80 -81 82 -83 -84 -85 -86 -87 -88 -89 -90 -91 92 -93 -94 -95 -96 -97 -98 -99 -100 -101 -102 -103 -104 -105 -106 107 -108 -109 -110 -111 -112 -113 -114 -115 -116 -117 -118 -119 -120 -121 -122 -123 -124 -125 -126 -127 128 -129 -130 -131 -132 -133 -134 -135 -136 -137 -138 -139 -140 -141 -142 -143 -144 -145 -146 -147 -148 -149 -150 -151 -152 -153 -154 -155 -156 -157 158 -159 -160 161 -162 -163 164 -165 -166 -167 168 169 170 -171 -172 -173 174 175

0x013f
0.4 15460041456 DONE
-1 -2 -3 -4 -5 -6 -7 -8 -9 10 11 -12 -13 14 15 -16 -17 18 -19 -20 -21 22 -23 -24 -25 26 -27 -28 -29 30 -31 -32 33 -34 -35 -36 37 38 39 40 -41 42 43 44 -45 -46 -47 -48 -49 -50 -51 52 -53 -54 -55 -56 57 58 59 -60 -61 -62 -63 -64 -65 -66 67 -68 -69 70 71 72 73 74 75 -76 -77 -78 -79 80 -81 82 -83 -84 -85 -86 -87 -88 -89 -90 -91 92 -93 -94 -95 -96 -97 -98 -99 -100 -101 -102 -103 -104 -105 -106 107 -108 -109 -110 -111 -112 -113 -114 -115 -116 -117 -118 -119 -120 -121 -122 -123 -124 -125 -126 -127 128 -129 -130 -131 -132 -133 -134 -135 -136 -137 -138 -139 -140 -141 -142 -143 -144 -145 -146 -147 -148 -149 -150 -151 -152 -153 -154 -155 -156 -157 158 -159 -160 161 -162 -163 164 -165 -166 -167 168 169 170 -171 -172 173 174 175

0x03d9
0.4 12663741842 DONE
-1 -2 -3 -4 -5 -6 -7 8 -9 10 -11 12 -13 14 -15 -16 17 18 -19 -20 21 22 23 24 -25 -26 27 28 -29 -30 -31 32 33 -34 -35 -36 -37 38 39 -40 -41 -42 -43 -44 -45 -46 47 48 -49 -50 -51 -52 53 54 55 -56 57 -58 59 -60 -61 -62 -63 -64 -65 66 67 68 69 -70 71 72 -73 -74 75 -76 -77 -78 -79 80 -81 -82 -83 84 -85 -86 -87 88 -89 -90 -91 -92 -93 -94 -95 -96 -97 -98 -99 -100 -101 -102 -103 -104 -105 -106 -107 108 -109 -110 -111 -112 -113 -114 -115 -116 -117 -118 -119 -120 -121 -122 -123 -124 -125 -126 -127 -128 -129 -130 131 -132 -133 -134 -135 -136 -137 -138 -139 -140 -141 -142 -143 -144 -145 -146 -147 -148 -149 -150 -151 -152 -153 -154 -155 156 -157 -158 -159 -160 -161 162 -163 -164 165 166 -167 -168 169 170 171 172 -173 174 175
