T 2
A 1 5
S 1 4
0x0003 1+1+1+1 2 1 3 9 2 5 9 6
0x0003 1+2+4+1 2 1 2 9 3 5 9 6
0x0003 1+4+1+1 2 1 3 9 2 5 9 6
0x0003 2+1+2+1 2 2 3 9 1 5 9 6
0x0003 2+2+1+1 2 1 3 9 2 5 9 6
0x0003 2+1+2+1 2 2 3 9 1 5 9 6
0x0003 2+1+4+1 2 1 2 9 3 5 9 6
0x0003 2+2+1+1 2 1 3 9 2 5 9 6
0x0003 2+2+4+1 2 2 3 9 1 5 9 6
0x0003 2+2+1+1 2 1 3 9 2 5 9 6
0x0003 4+1+2+1 2 2 3 9 1 5 9 6
0x0003 4+1+4+1 2 1 3 9 2 5 9 6
0x0003 4+2+2+1 2 2 3 9 1 5 9 6
0x0003 4+2+4+1 2 1 3 9 2 5 9 6
0x0003 4+2+1+1 2 2 3 9 1 5 9 6
0x0003 4+2+2+1 2 1 3 9 2 5 9 6
E
