0000000000000000
0000000000000001
0000000000000011
0000000000000110
0000000000000111
0000000000001111
0000000000010110
0000000000010111
0000000000011000
0000000000011001
0000000000011011
0000000000011110
0000000000011111
0000000000111100
0000000000111101
0000000000111111
0000000001101001
0000000001101011
0000000001101111
0000000001111110
0000000001111111
0000000011111111
0000000100010110
0000000000000000
0000000100011000
0000000100011001
0000000100011010
0000000100011011
0000000100011110
0000000100011111
0000000100101100
0000000100101101
0000000100101111
0000000100111100
0000000100111101
0000000100111110
0000000100111111
0000000101101000
0000000101101001
0000000000000000
0000000000000000
0000000000000000
0000000101101111
0000000000000000
0000000101111111
0000000110000000
0000000110000001
0000000110000010
0000000110000011
0000000110000110
0000000000000000
0000000110001001
0000000110001011
0000000110001111
0000000000000000
0000000000000000
0000000110011000
0000000110011001
0000000000000000
0000000110011011
0000000000000000
0000000000000000
0000000110101000
0000000110101001
0000000110101010
0000000110101011
0000000110101100
0000000110101101
0000000110101110
0000000110101111
0000000000000000
0000000000000000
0000000000000000
0000000110111111
0000000000000000
0000000111101001
0000000111101010
0000000111101011
0000000111101110
0000000111101111
0000000111111110
0000001100111100
0000001100111101
0000001100111111
0000001101010110
0000001101010111
0000001101011000
0000001101011001
0000001101011010
0000001101011011
0000000000000000
0000001101011111
0000001101101000
0000001101101001
0000000000000000
0000000000000000
0000001101101100
0000000000000000
0000001101101110
0000000000000000
0000000000000000
0000001101111101
0000000000000000
0000001111000000
0000001111000001
0000001111000011
0000000000000000
0000000000000000
0000001111000111
0000001111001111
0000001111010100
0000001111010101
0000000000000000
0000001111010111
0000001111011000
0000001111011001
0000000000000000
0000001111011100
0000001111011101
0000001111011110
0000001111111100
0000011001100000
0000011001100001
0000000000000000
0000000000000000
0000011001100110
0000000000000000
0000011001101001
0000000000000000
0000011001101111
0000000000000000
0000000000000000
0000011001110110
0000000000000000
0000000000000000
0000000000000000
0000000000000000
0000011001111110
0000011010010000
0000000000000000
0000000000000000
0000011010010110
0000011010010111
0000011010011111
0000000000000000
0000011010110001
0000000000000000
0000000000000000
0000000000000000
0000000000000000
0000011010110110
0000000000000000
0000000000000000
0000000000000000
0000011011110000
0000000000000000
0000011011110010
0000011011110110
0000011011111001
0000011101110110
0000011101111000
0000000000000000
0000000000000000
0000000000000000
0000011110110000
0000011110110001
0000011110110100
0000000000000000
0000000000000000
0000011110111100
0000000000000000
0000000000000000
0000000000000000
0000000000000000
0000000000000000
0000000000000000
0000011111110000
0000000000000000
0000011111110010
0000011111111000
0000111111110000
0000000000000000
0000000000000000
0000000000000000
0000000000000000
0000000000000000
0000000000000000
0000000000000000
0001011010000011
0000000000000000
0000000000000000
0000000000000000
0000000000000000
0000000000000000
0001011010010110
0000000000000000
0001011010011000
0000000000000000
0000000000000000
0000000000000000
0001011010011110
0000000000000000
0000000000000000
0000000000000000
0000000000000000
0001011011101001
0000000000000000
0001011110001110
0000000000000000
0000000000000000
0000000000000000
0000000000000000
0001011111101000
0001100011100111
0000000000000000
0000000000000000
0001100111100110
0000000000000000
0001101111100100
0001111011100001
0011110011000011
0110100110010110
