0 0 2831 211 0.000719158 0.000471763 0.00022717 2.02249e-05 
1 1 2821 234 0.000821279 0.000533016 0.000259519 2.87443e-05 
2 1 2818 236 0.000709157 0.000462587 0.000226071 2.04989e-05 
3 2 2809 236 0.000717624 0.000469365 0.000227896 2.03628e-05 
4 2 2809 236 0.000717624 0.000469365 0.000227896 2.03628e-05 
5 2 2809 236 0.000717624 0.000469365 0.000227896 2.03628e-05 
6 2 2809 236 0.000717624 0.000469365 0.000227896 2.03628e-05 
7 2 2809 192 0.000707212 0.000465165 0.000220312 2.17352e-05 
8 3 2809 192 0.000707212 0.000465165 0.000220312 2.17352e-05 
9 3 2809 192 0.000707212 0.000465165 0.000220312 2.17352e-05 
10 3 2809 192 0.000707212 0.000465165 0.000220312 2.17352e-05 
11 3 2809 192 0.000707212 0.000465165 0.000220312 2.17352e-05 
12 3 2809 192 0.000707212 0.000465165 0.000220312 2.17352e-05 
13 3 2809 192 0.000707212 0.000465165 0.000220312 2.17352e-05 
14 3 2809 192 0.000707212 0.000465165 0.000220312 2.17352e-05 
15 3 2809 192 0.000707212 0.000465165 0.000220312 2.17352e-05 
16 3 2809 192 0.000707212 0.000465165 0.000220312 2.17352e-05 
17 3 2809 192 0.000707212 0.000465165 0.000220312 2.17352e-05 
18 3 2809 192 0.000707212 0.000465165 0.000220312 2.17352e-05 
19 3 2809 192 0.000707212 0.000465165 0.000220312 2.17352e-05 
20 3 2809 192 0.000707212 0.000465165 0.000220312 2.17352e-05 
21 3 2809 192 0.000707212 0.000465165 0.000220312 2.17352e-05 
22 3 2809 192 0.000707212 0.000465165 0.000220312 2.17352e-05 
23 3 2809 192 0.000707212 0.000465165 0.000220312 2.17352e-05 
24 3 2809 192 0.000707212 0.000465165 0.000220312 2.17352e-05 
25 3 2809 192 0.000707212 0.000465165 0.000220312 2.17352e-05 
26 3 2809 192 0.000707212 0.000465165 0.000220312 2.17352e-05 
27 3 2809 192 0.000707212 0.000465165 0.000220312 2.17352e-05 
28 3 2809 192 0.000707212 0.000465165 0.000220312 2.17352e-05 
29 3 2809 192 0.000707212 0.000465165 0.000220312 2.17352e-05 
30 3 2809 192 0.000707212 0.000465165 0.000220312 2.17352e-05 
31 3 2809 192 0.000707212 0.000465165 0.000220312 2.17352e-05 
32 3 2809 192 0.000707212 0.000465165 0.000220312 2.17352e-05 
33 3 2809 192 0.000707212 0.000465165 0.000220312 2.17352e-05 
34 3 2809 192 0.000707212 0.000465165 0.000220312 2.17352e-05 
35 3 2808 192 0.000739772 0.000490298 0.000227518 2.19558e-05 
36 3 2808 192 0.000739772 0.000490298 0.000227518 2.19558e-05 
37 3 2808 192 0.000739772 0.000490298 0.000227518 2.19558e-05 
38 3 2808 192 0.000739772 0.000490298 0.000227518 2.19558e-05 
39 3 2808 192 0.000739772 0.000490298 0.000227518 2.19558e-05 
0 0 693 16 0.00010295 5.53411e-05 3.90281e-05 8.58039e-06 
1 0 690 16 0.000103005 5.5445e-05 3.89667e-05 8.59286e-06 
2 1 650 14 9.66803e-05 5.08224e-05 3.6994e-05 8.86385e-06 
3 2 647 14 9.55196e-05 5.01229e-05 3.66887e-05 8.70802e-06 
4 3 647 14 9.55196e-05 5.01229e-05 3.66887e-05 8.70802e-06 
5 3 647 14 9.55196e-05 5.01229e-05 3.66887e-05 8.70802e-06 
6 3 639 14 9.61337e-05 5.05547e-05 3.68752e-05 8.70376e-06 
7 3 639 14 9.61337e-05 5.05547e-05 3.68752e-05 8.70376e-06 
8 3 639 14 9.61337e-05 5.05547e-05 3.68752e-05 8.70376e-06 
9 3 639 14 9.61337e-05 5.05547e-05 3.68752e-05 8.70376e-06 
10 3 639 14 9.61337e-05 5.05547e-05 3.68752e-05 8.70376e-06 
11 3 639 14 9.61337e-05 5.05547e-05 3.68752e-05 8.70376e-06 
12 3 639 14 9.61337e-05 5.05547e-05 3.68752e-05 8.70376e-06 
13 3 639 14 9.61337e-05 5.05547e-05 3.68752e-05 8.70376e-06 
14 3 639 14 9.61337e-05 5.05547e-05 3.68752e-05 8.70376e-06 
15 3 639 14 9.61337e-05 5.05547e-05 3.68752e-05 8.70376e-06 
16 3 639 14 9.61337e-05 5.05547e-05 3.68752e-05 8.70376e-06 
17 3 639 14 9.61337e-05 5.05547e-05 3.68752e-05 8.70376e-06 
18 3 639 14 9.61337e-05 5.05547e-05 3.68752e-05 8.70376e-06 
19 3 639 14 9.61337e-05 5.05547e-05 3.68752e-05 8.70376e-06 
20 3 639 14 9.61337e-05 5.05547e-05 3.68752e-05 8.70376e-06 
21 3 639 14 9.61337e-05 5.05547e-05 3.68752e-05 8.70376e-06 
22 3 639 14 9.61337e-05 5.05547e-05 3.68752e-05 8.70376e-06 
23 3 639 14 9.61337e-05 5.05547e-05 3.68752e-05 8.70376e-06 
24 3 639 14 9.61337e-05 5.05547e-05 3.68752e-05 8.70376e-06 
25 3 639 14 9.61337e-05 5.05547e-05 3.68752e-05 8.70376e-06 
26 3 639 14 9.61337e-05 5.05547e-05 3.68752e-05 8.70376e-06 
27 3 639 14 9.61337e-05 5.05547e-05 3.68752e-05 8.70376e-06 
28 3 639 14 9.61337e-05 5.05547e-05 3.68752e-05 8.70376e-06 
29 3 639 14 9.61337e-05 5.05547e-05 3.68752e-05 8.70376e-06 
30 3 639 14 9.61337e-05 5.05547e-05 3.68752e-05 8.70376e-06 
31 3 639 14 9.61337e-05 5.05547e-05 3.68752e-05 8.70376e-06 
32 3 639 14 9.61337e-05 5.05547e-05 3.68752e-05 8.70376e-06 
33 3 639 14 9.61337e-05 5.05547e-05 3.68752e-05 8.70376e-06 
34 3 639 14 9.61337e-05 5.05547e-05 3.68752e-05 8.70376e-06 
35 3 639 14 9.61337e-05 5.05547e-05 3.68752e-05 8.70376e-06 
0 0 96 7 1.46371e-05 7.26825e-06 6.00654e-06 1.36228e-06 
1 1 90 7 1.38744e-05 7.01597e-06 5.67999e-06 1.17843e-06 
2 2 90 7 1.38744e-05 7.01597e-06 5.67999e-06 1.17843e-06 
3 2 90 7 1.38744e-05 7.01597e-06 5.67999e-06 1.17843e-06 
4 2 90 7 1.38744e-05 7.01597e-06 5.67999e-06 1.17843e-06 
5 2 90 7 1.4803e-05 7.66914e-06 5.76709e-06 1.36679e-06 
6 2 90 7 1.4803e-05 7.66914e-06 5.76709e-06 1.36679e-06 
7 2 90 7 1.4803e-05 7.66914e-06 5.76709e-06 1.36679e-06 
8 2 90 7 1.4803e-05 7.66914e-06 5.76709e-06 1.36679e-06 
9 2 90 7 1.4803e-05 7.66914e-06 5.76709e-06 1.36679e-06 
10 2 90 7 1.4803e-05 7.66914e-06 5.76709e-06 1.36679e-06 
11 2 90 7 1.4803e-05 7.66914e-06 5.76709e-06 1.36679e-06 
12 2 90 7 1.41679e-05 7.18272e-06 5.72205e-06 1.2631e-06 
13 3 90 7 1.4803e-05 7.66914e-06 5.76709e-06 1.36679e-06 
14 3 90 7 1.4803e-05 7.66914e-06 5.76709e-06 1.36679e-06 
15 3 90 7 1.4803e-05 7.66914e-06 5.76709e-06 1.36679e-06 
16 3 90 7 1.4803e-05 7.66914e-06 5.76709e-06 1.36679e-06 
17 3 90 7 1.4803e-05 7.66914e-06 5.76709e-06 1.36679e-06 
18 3 90 7 1.4803e-05 7.66914e-06 5.76709e-06 1.36679e-06 
19 3 90 7 1.4803e-05 7.66914e-06 5.76709e-06 1.36679e-06 
20 3 90 7 1.41679e-05 7.18272e-06 5.72205e-06 1.2631e-06 
21 4 90 7 1.41679e-05 7.18272e-06 5.72205e-06 1.2631e-06 
22 4 90 7 1.41679e-05 7.18272e-06 5.72205e-06 1.2631e-06 
23 4 90 7 1.41679e-05 7.18272e-06 5.72205e-06 1.2631e-06 
24 4 90 7 1.41679e-05 7.18272e-06 5.72205e-06 1.2631e-06 
25 4 90 7 1.41679e-05 7.18272e-06 5.72205e-06 1.2631e-06 
26 4 90 7 1.41679e-05 7.18272e-06 5.72205e-06 1.2631e-06 
27 4 90 7 1.41679e-05 7.18272e-06 5.72205e-06 1.2631e-06 
28 4 90 7 1.41679e-05 7.18272e-06 5.72205e-06 1.2631e-06 
29 4 90 7 1.41679e-05 7.18272e-06 5.72205e-06 1.2631e-06 
30 4 90 7 1.41679e-05 7.18272e-06 5.72205e-06 1.2631e-06 
31 4 90 7 1.41679e-05 7.18272e-06 5.72205e-06 1.2631e-06 
32 4 90 7 1.41679e-05 7.18272e-06 5.72205e-06 1.2631e-06 
33 4 90 7 1.41679e-05 7.18272e-06 5.72205e-06 1.2631e-06 
34 4 90 7 1.41679e-05 7.18272e-06 5.72205e-06 1.2631e-06 
35 4 90 7 1.41679e-05 7.18272e-06 5.72205e-06 1.2631e-06 
36 4 90 7 1.41679e-05 7.18272e-06 5.72205e-06 1.2631e-06 
37 4 90 7 1.41679e-05 7.18272e-06 5.72205e-06 1.2631e-06 
38 4 90 7 1.41679e-05 7.18272e-06 5.72205e-06 1.2631e-06 
39 4 90 7 1.41679e-05 7.18272e-06 5.72205e-06 1.2631e-06 
40 4 90 7 1.41679e-05 7.18272e-06 5.72205e-06 1.2631e-06 
41 4 90 7 1.41679e-05 7.18272e-06 5.72205e-06 1.2631e-06 
42 4 90 7 1.41679e-05 7.18272e-06 5.72205e-06 1.2631e-06 
43 4 90 7 1.41679e-05 7.18272e-06 5.72205e-06 1.2631e-06 
44 4 90 7 1.41679e-05 7.18272e-06 5.72205e-06 1.2631e-06 
45 4 90 7 1.41679e-05 7.18272e-06 5.72205e-06 1.2631e-06 
46 4 90 7 1.41679e-05 7.18272e-06 5.72205e-06 1.2631e-06 
47 4 90 7 1.41679e-05 7.18272e-06 5.72205e-06 1.2631e-06 
48 4 90 7 1.41679e-05 7.18272e-06 5.72205e-06 1.2631e-06 
49 4 90 7 1.41679e-05 7.18272e-06 5.72205e-06 1.2631e-06 
50 4 90 7 1.41679e-05 7.18272e-06 5.72205e-06 1.2631e-06 
51 4 90 7 1.41679e-05 7.18272e-06 5.72205e-06 1.2631e-06 
52 4 90 7 1.41679e-05 7.18272e-06 5.72205e-06 1.2631e-06 
0 0 208 13 2.88204e-05 1.50007e-05 1.1395e-05 2.42465e-06 
1 1 201 14 2.76522e-05 1.43205e-05 1.12931e-05 2.03855e-06 
2 1 200 15 2.64791e-05 1.35573e-05 1.1113e-05 1.80885e-06 
3 1 199 15 2.51673e-05 1.25168e-05 1.10803e-05 1.57025e-06 
4 2 194 11 2.88045e-05 1.51949e-05 1.09415e-05 2.66811e-06 
5 3 194 11 2.88045e-05 1.51949e-05 1.09415e-05 2.66811e-06 
6 3 194 11 2.88045e-05 1.51949e-05 1.09415e-05 2.66811e-06 
7 3 194 11 2.88045e-05 1.51949e-05 1.09415e-05 2.66811e-06 
8 3 194 11 2.88045e-05 1.51949e-05 1.09415e-05 2.66811e-06 
9 3 194 11 2.88045e-05 1.51949e-05 1.09415e-05 2.66811e-06 
10 3 194 11 2.88045e-05 1.51949e-05 1.09415e-05 2.66811e-06 
11 3 194 11 2.88045e-05 1.51949e-05 1.09415e-05 2.66811e-06 
12 3 194 11 2.88045e-05 1.51949e-05 1.09415e-05 2.66811e-06 
13 3 194 11 2.88045e-05 1.51949e-05 1.09415e-05 2.66811e-06 
14 3 194 11 2.88045e-05 1.51949e-05 1.09415e-05 2.66811e-06 
15 3 194 11 2.88045e-05 1.51949e-05 1.09415e-05 2.66811e-06 
16 3 194 11 2.88045e-05 1.51949e-05 1.09415e-05 2.66811e-06 
17 3 194 11 2.88045e-05 1.51949e-05 1.09415e-05 2.66811e-06 
18 3 194 11 2.88045e-05 1.51949e-05 1.09415e-05 2.66811e-06 
19 3 194 11 2.88045e-05 1.51949e-05 1.09415e-05 2.66811e-06 
20 3 194 11 2.88045e-05 1.51949e-05 1.09415e-05 2.66811e-06 
21 3 194 11 2.88045e-05 1.51949e-05 1.09415e-05 2.66811e-06 
22 3 194 11 2.88045e-05 1.51949e-05 1.09415e-05 2.66811e-06 
23 3 194 11 2.88045e-05 1.51949e-05 1.09415e-05 2.66811e-06 
24 3 194 11 2.88045e-05 1.51949e-05 1.09415e-05 2.66811e-06 
25 3 194 11 2.88045e-05 1.51949e-05 1.09415e-05 2.66811e-06 
26 3 194 11 2.88045e-05 1.51949e-05 1.09415e-05 2.66811e-06 
27 3 194 11 2.88045e-05 1.51949e-05 1.09415e-05 2.66811e-06 
28 3 194 11 2.88045e-05 1.51949e-05 1.09415e-05 2.66811e-06 
29 3 194 11 2.88045e-05 1.51949e-05 1.09415e-05 2.66811e-06 
30 3 194 11 2.88045e-05 1.51949e-05 1.09415e-05 2.66811e-06 
31 3 194 11 2.88045e-05 1.51949e-05 1.09415e-05 2.66811e-06 
32 3 194 11 2.88045e-05 1.51949e-05 1.09415e-05 2.66811e-06 
33 3 194 11 2.88045e-05 1.51949e-05 1.09415e-05 2.66811e-06 
34 3 194 11 2.88045e-05 1.51949e-05 1.09415e-05 2.66811e-06 
35 3 194 11 2.88045e-05 1.51949e-05 1.09415e-05 2.66811e-06 
36 3 194 11 2.88045e-05 1.51949e-05 1.09415e-05 2.66811e-06 
0 0 1147 13 0.000118982 5.51904e-05 5.41752e-05 9.61596e-06 
1 1 1147 13 0.000118982 5.51904e-05 5.41752e-05 9.61596e-06 
2 1 1076 13 0.000114947 5.42286e-05 5.1096e-05 9.62243e-06 
3 2 1042 12 0.000111404 5.2449e-05 4.93377e-05 9.6171e-06 
4 3 1040 12 0.000111771 5.25542e-05 4.95683e-05 9.64859e-06 
5 3 1039 12 0.000111534 5.24576e-05 4.94543e-05 9.6223e-06 
6 4 1039 12 0.000111534 5.24576e-05 4.94543e-05 9.6223e-06 
7 4 1039 12 0.000115803 5.53948e-05 4.96093e-05 1.07986e-05 
8 4 1021 13 0.000110722 5.12925e-05 4.9904e-05 9.52564e-06 
9 4 1020 13 0.000110629 5.12034e-05 4.99226e-05 9.50254e-06 
10 5 1011 14 0.000103651 4.70616e-05 4.86613e-05 7.9277e-06 
11 6 1011 14 0.000103651 4.70616e-05 4.86613e-05 7.9277e-06 
12 6 1011 14 0.000103651 4.70616e-05 4.86613e-05 7.9277e-06 
13 6 1011 14 0.000103651 4.70616e-05 4.86613e-05 7.9277e-06 
14 6 1010 14 0.000103639 4.70807e-05 4.86325e-05 7.92611e-06 
15 7 1010 14 0.000103639 4.70807e-05 4.86325e-05 7.92611e-06 
16 7 1010 14 0.000103639 4.70807e-05 4.86325e-05 7.92611e-06 
17 7 1010 14 0.000103639 4.70807e-05 4.86325e-05 7.92611e-06 
18 7 1010 14 0.000103639 4.70807e-05 4.86325e-05 7.92611e-06 
19 7 1010 14 0.000103639 4.70807e-05 4.86325e-05 7.92611e-06 
20 7 1010 14 0.000103639 4.70807e-05 4.86325e-05 7.92611e-06 
21 7 1010 14 0.000103639 4.70807e-05 4.86325e-05 7.92611e-06 
22 7 1010 14 0.000103639 4.70807e-05 4.86325e-05 7.92611e-06 
23 7 1010 14 0.000103639 4.70807e-05 4.86325e-05 7.92611e-06 
24 7 1010 14 0.000103639 4.70807e-05 4.86325e-05 7.92611e-06 
25 7 1010 14 0.000103639 4.70807e-05 4.86325e-05 7.92611e-06 
26 7 1010 14 0.000103639 4.70807e-05 4.86325e-05 7.92611e-06 
27 7 1010 14 0.000103639 4.70807e-05 4.86325e-05 7.92611e-06 
28 7 1010 14 0.000103639 4.70807e-05 4.86325e-05 7.92611e-06 
29 7 1010 14 0.000103639 4.70807e-05 4.86325e-05 7.92611e-06 
30 7 1010 14 0.000103639 4.70807e-05 4.86325e-05 7.92611e-06 
31 7 1010 14 0.000103639 4.70807e-05 4.86325e-05 7.92611e-06 
32 7 1010 14 0.000103639 4.70807e-05 4.86325e-05 7.92611e-06 
33 7 1010 14 0.000103639 4.70807e-05 4.86325e-05 7.92611e-06 
34 7 1010 14 0.000103639 4.70807e-05 4.86325e-05 7.92611e-06 
35 7 1010 14 0.000103639 4.70807e-05 4.86325e-05 7.92611e-06 
36 7 1010 14 0.000103639 4.70807e-05 4.86325e-05 7.92611e-06 
37 7 1010 14 0.000103639 4.70807e-05 4.86325e-05 7.92611e-06 
38 7 1010 14 0.000103639 4.70807e-05 4.86325e-05 7.92611e-06 
39 7 1010 14 0.000103639 4.70807e-05 4.86325e-05 7.92611e-06 
40 7 1010 14 0.000103639 4.70807e-05 4.86325e-05 7.92611e-06 
41 7 1010 14 0.000103639 4.70807e-05 4.86325e-05 7.92611e-06 
42 7 1010 14 0.000103639 4.70807e-05 4.86325e-05 7.92611e-06 
43 7 1010 14 0.000103639 4.70807e-05 4.86325e-05 7.92611e-06 
44 7 1010 14 0.000103639 4.70807e-05 4.86325e-05 7.92611e-06 
45 7 1010 14 0.000103639 4.70807e-05 4.86325e-05 7.92611e-06 
46 7 1010 14 0.000103639 4.70807e-05 4.86325e-05 7.92611e-06 
0 0 257 54 3.04818e-05 1.33906e-05 1.28726e-05 4.21859e-06 
1 0 223 26 3.11537e-05 1.46625e-05 1.29542e-05 3.53703e-06 
2 1 183 23 1.96166e-05 8.33025e-06 9.01578e-06 2.27061e-06 
3 2 182 23 2.01099e-05 8.79523e-06 8.83039e-06 2.48424e-06 
4 2 182 23 2.01099e-05 8.79523e-06 8.83039e-06 2.48424e-06 
5 2 182 23 2.01099e-05 8.79523e-06 8.83039e-06 2.48424e-06 
6 2 182 23 2.01099e-05 8.79523e-06 8.83039e-06 2.48424e-06 
7 2 182 23 2.01099e-05 8.79523e-06 8.83039e-06 2.48424e-06 
8 2 182 23 2.01099e-05 8.79523e-06 8.83039e-06 2.48424e-06 
9 2 182 23 2.01099e-05 8.79523e-06 8.83039e-06 2.48424e-06 
10 2 182 23 2.01099e-05 8.79523e-06 8.83039e-06 2.48424e-06 
11 2 182 23 2.01099e-05 8.79523e-06 8.83039e-06 2.48424e-06 
12 2 182 23 2.01099e-05 8.79523e-06 8.83039e-06 2.48424e-06 
13 2 182 23 2.01099e-05 8.79523e-06 8.83039e-06 2.48424e-06 
14 2 182 23 2.01099e-05 8.79523e-06 8.83039e-06 2.48424e-06 
15 2 182 23 2.01099e-05 8.79523e-06 8.83039e-06 2.48424e-06 
16 2 182 23 2.01099e-05 8.79523e-06 8.83039e-06 2.48424e-06 
17 2 182 23 2.01099e-05 8.79523e-06 8.83039e-06 2.48424e-06 
18 2 182 23 2.01099e-05 8.79523e-06 8.83039e-06 2.48424e-06 
19 2 182 23 2.01099e-05 8.79523e-06 8.83039e-06 2.48424e-06 
20 2 182 23 2.01099e-05 8.79523e-06 8.83039e-06 2.48424e-06 
21 2 182 23 2.01099e-05 8.79523e-06 8.83039e-06 2.48424e-06 
22 2 182 23 2.01099e-05 8.79523e-06 8.83039e-06 2.48424e-06 
23 2 182 23 2.01099e-05 8.79523e-06 8.83039e-06 2.48424e-06 
24 2 182 23 2.01099e-05 8.79523e-06 8.83039e-06 2.48424e-06 
25 2 182 23 2.01099e-05 8.79523e-06 8.83039e-06 2.48424e-06 
26 2 182 23 2.01099e-05 8.79523e-06 8.83039e-06 2.48424e-06 
27 2 182 23 2.01099e-05 8.79523e-06 8.83039e-06 2.48424e-06 
28 2 182 23 2.01099e-05 8.79523e-06 8.83039e-06 2.48424e-06 
29 2 182 23 2.01099e-05 8.79523e-06 8.83039e-06 2.48424e-06 
30 2 182 23 2.01099e-05 8.79523e-06 8.83039e-06 2.48424e-06 
31 2 182 23 2.01099e-05 8.79523e-06 8.83039e-06 2.48424e-06 
32 2 175 23 1.88744e-05 8.08763e-06 8.38264e-06 2.40413e-06 
33 3 175 23 1.88744e-05 8.08763e-06 8.38264e-06 2.40413e-06 
34 3 175 23 1.88744e-05 8.08763e-06 8.38264e-06 2.40413e-06 
35 3 175 23 1.88744e-05 8.08763e-06 8.38264e-06 2.40413e-06 
36 3 173 23 1.83925e-05 7.79837e-06 8.22942e-06 2.36473e-06 
37 4 173 23 1.83925e-05 7.79837e-06 8.22942e-06 2.36473e-06 
38 4 173 23 1.83925e-05 7.79837e-06 8.22942e-06 2.36473e-06 
39 4 173 23 1.83925e-05 7.79837e-06 8.22942e-06 2.36473e-06 
40 4 173 23 1.83925e-05 7.79837e-06 8.22942e-06 2.36473e-06 
41 4 173 23 1.83925e-05 7.79837e-06 8.22942e-06 2.36473e-06 
42 4 173 23 1.83925e-05 7.79837e-06 8.22942e-06 2.36473e-06 
43 4 173 23 1.83925e-05 7.79837e-06 8.22942e-06 2.36473e-06 
44 4 173 23 1.83925e-05 7.79837e-06 8.22942e-06 2.36473e-06 
45 4 173 23 1.83925e-05 7.79837e-06 8.22942e-06 2.36473e-06 
46 4 172 23 1.80629e-05 7.70417e-06 8.08387e-06 2.27489e-06 
47 5 172 23 1.80629e-05 7.70417e-06 8.08387e-06 2.27489e-06 
48 5 172 23 1.80629e-05 7.70417e-06 8.08387e-06 2.27489e-06 
49 5 172 23 1.80629e-05 7.70417e-06 8.08387e-06 2.27489e-06 
50 5 172 23 1.80629e-05 7.70417e-06 8.08387e-06 2.27489e-06 
51 5 172 23 1.80629e-05 7.70417e-06 8.08387e-06 2.27489e-06 
52 5 172 23 1.80629e-05 7.70417e-06 8.08387e-06 2.27489e-06 
53 5 172 23 1.80629e-05 7.70417e-06 8.08387e-06 2.27489e-06 
54 5 172 23 1.80629e-05 7.70417e-06 8.08387e-06 2.27489e-06 
55 5 172 23 1.80629e-05 7.70417e-06 8.08387e-06 2.27489e-06 
56 5 172 23 1.80629e-05 7.70417e-06 8.08387e-06 2.27489e-06 
57 5 172 23 1.80629e-05 7.70417e-06 8.08387e-06 2.27489e-06 
58 5 172 23 1.80629e-05 7.70417e-06 8.08387e-06 2.27489e-06 
59 5 172 23 1.80629e-05 7.70417e-06 8.08387e-06 2.27489e-06 
60 5 172 23 1.80629e-05 7.70417e-06 8.08387e-06 2.27489e-06 
0 0 223 26 3.11537e-05 1.46625e-05 1.29542e-05 3.53703e-06 
1 1 183 23 1.96166e-05 8.33025e-06 9.01578e-06 2.27061e-06 
2 2 183 23 1.96166e-05 8.33025e-06 9.01578e-06 2.27061e-06 
3 2 181 21 2.08976e-05 9.06883e-06 9.16934e-06 2.65941e-06 
4 3 176 21 2.1118e-05 9.24183e-06 9.11401e-06 2.76215e-06 
5 3 174 21 2.06325e-05 8.95995e-06 9.03597e-06 2.63661e-06 
6 4 174 21 2.06325e-05 8.95995e-06 9.03597e-06 2.63661e-06 
7 4 174 21 2.06325e-05 8.95995e-06 9.03597e-06 2.63661e-06 
8 4 174 21 2.06325e-05 8.95995e-06 9.03597e-06 2.63661e-06 
9 4 174 21 2.06325e-05 8.95995e-06 9.03597e-06 2.63661e-06 
10 4 164 20 1.85782e-05 7.80105e-06 8.37234e-06 2.40481e-06 
11 5 159 20 1.76875e-05 7.40055e-06 8.02617e-06 2.2608e-06 
12 6 158 20 1.76001e-05 7.35079e-06 7.99006e-06 2.25925e-06 
13 7 158 20 1.76001e-05 7.35079e-06 7.99006e-06 2.25925e-06 
14 7 158 20 1.76001e-05 7.35079e-06 7.99006e-06 2.25925e-06 
15 7 158 20 1.76001e-05 7.35079e-06 7.99006e-06 2.25925e-06 
16 7 158 20 1.76001e-05 7.35079e-06 7.99006e-06 2.25925e-06 
17 7 158 20 1.76001e-05 7.35079e-06 7.99006e-06 2.25925e-06 
18 7 158 20 1.76001e-05 7.35079e-06 7.99006e-06 2.25925e-06 
19 7 156 20 1.75651e-05 7.49569e-06 7.83325e-06 2.23611e-06 
20 8 153 20 1.73333e-05 7.35765e-06 7.73977e-06 2.23585e-06 
21 9 153 20 1.73333e-05 7.35765e-06 7.73977e-06 2.23585e-06 
22 9 153 20 1.73333e-05 7.35765e-06 7.73977e-06 2.23585e-06 
23 9 153 20 1.73333e-05 7.35765e-06 7.73977e-06 2.23585e-06 
24 9 153 20 1.73333e-05 7.35765e-06 7.73977e-06 2.23585e-06 
25 9 153 20 1.73333e-05 7.35765e-06 7.73977e-06 2.23585e-06 
26 9 153 20 1.73333e-05 7.35765e-06 7.73977e-06 2.23585e-06 
27 9 153 20 1.73333e-05 7.35765e-06 7.73977e-06 2.23585e-06 
28 9 153 20 1.73333e-05 7.35765e-06 7.73977e-06 2.23585e-06 
29 9 153 20 1.73333e-05 7.35765e-06 7.73977e-06 2.23585e-06 
30 9 153 20 1.73333e-05 7.35765e-06 7.73977e-06 2.23585e-06 
31 9 153 20 1.73333e-05 7.35765e-06 7.73977e-06 2.23585e-06 
32 9 153 20 1.73333e-05 7.35765e-06 7.73977e-06 2.23585e-06 
33 9 153 20 1.73333e-05 7.35765e-06 7.73977e-06 2.23585e-06 
34 9 153 20 1.73333e-05 7.35765e-06 7.73977e-06 2.23585e-06 
35 9 153 20 1.73333e-05 7.35765e-06 7.73977e-06 2.23585e-06 
36 9 153 20 1.73333e-05 7.35765e-06 7.73977e-06 2.23585e-06 
37 9 153 20 1.73333e-05 7.35765e-06 7.73977e-06 2.23585e-06 
38 9 153 20 1.73333e-05 7.35765e-06 7.73977e-06 2.23585e-06 
39 9 153 20 1.73333e-05 7.35765e-06 7.73977e-06 2.23585e-06 
40 9 153 20 1.73333e-05 7.35765e-06 7.73977e-06 2.23585e-06 
41 9 153 20 1.73333e-05 7.35765e-06 7.73977e-06 2.23585e-06 
42 9 153 20 1.73333e-05 7.35765e-06 7.73977e-06 2.23585e-06 
43 9 153 20 1.73333e-05 7.35765e-06 7.73977e-06 2.23585e-06 
44 9 153 20 1.73333e-05 7.35765e-06 7.73977e-06 2.23585e-06 
45 9 153 20 1.73333e-05 7.35765e-06 7.73977e-06 2.23585e-06 
46 9 153 20 1.73333e-05 7.35765e-06 7.73977e-06 2.23585e-06 
47 9 153 20 1.73333e-05 7.35765e-06 7.73977e-06 2.23585e-06 
48 9 153 20 1.73333e-05 7.35765e-06 7.73977e-06 2.23585e-06 
49 9 153 20 1.73333e-05 7.35765e-06 7.73977e-06 2.23585e-06 
50 9 153 20 1.73333e-05 7.35765e-06 7.73977e-06 2.23585e-06 
51 9 153 20 1.73333e-05 7.35765e-06 7.73977e-06 2.23585e-06 
52 9 153 20 1.73333e-05 7.35765e-06 7.73977e-06 2.23585e-06 
0 0 703 216 8.61417e-05 3.81119e-05 3.83217e-05 9.70805e-06 
1 1 703 216 8.61417e-05 3.81119e-05 3.83217e-05 9.70805e-06 
2 1 625 187 7.37149e-05 3.29688e-05 3.25512e-05 8.19492e-06 
3 2 567 159 5.987e-05 2.50143e-05 2.74856e-05 7.37006e-06 
4 3 561 158 5.74662e-05 2.4124e-05 2.60713e-05 7.27086e-06 
5 4 557 156 5.7148e-05 2.38594e-05 2.61511e-05 7.13748e-06 
6 5 553 154 5.59641e-05 2.34194e-05 2.54505e-05 7.09418e-06 
7 6 540 140 6.63552e-05 2.78062e-05 2.87064e-05 9.84262e-06 
8 6 528 128 5.45118e-05 2.31752e-05 2.51556e-05 6.18097e-06 
9 7 523 126 5.44406e-05 2.29865e-05 2.53244e-05 6.12968e-06 
10 8 510 114 6.33374e-05 2.70405e-05 2.8236e-05 8.06086e-06 
11 8 470 78 6.00715e-05 2.94703e-05 2.42204e-05 6.38076e-06 
12 9 470 78 6.00715e-05 2.94703e-05 2.42204e-05 6.38076e-06 
13 9 454 79 6.91289e-05 3.44339e-05 2.76482e-05 7.04679e-06 
14 9 452 79 6.82692e-05 3.38077e-05 2.72968e-05 7.16467e-06 
15 10 452 79 6.82692e-05 3.38077e-05 2.72968e-05 7.16467e-06 
16 10 452 79 6.82692e-05 3.38077e-05 2.72968e-05 7.16467e-06 
17 10 452 79 6.82692e-05 3.38077e-05 2.72968e-05 7.16467e-06 
18 10 452 79 6.82692e-05 3.38077e-05 2.72968e-05 7.16467e-06 
19 10 452 79 6.82692e-05 3.38077e-05 2.72968e-05 7.16467e-06 
20 10 452 79 6.82692e-05 3.38077e-05 2.72968e-05 7.16467e-06 
21 10 452 79 6.82692e-05 3.38077e-05 2.72968e-05 7.16467e-06 
22 10 452 79 6.82692e-05 3.38077e-05 2.72968e-05 7.16467e-06 
23 10 452 79 6.82692e-05 3.38077e-05 2.72968e-05 7.16467e-06 
24 10 452 79 6.82692e-05 3.38077e-05 2.72968e-05 7.16467e-06 
25 10 452 79 6.82692e-05 3.38077e-05 2.72968e-05 7.16467e-06 
26 10 452 79 6.82692e-05 3.38077e-05 2.72968e-05 7.16467e-06 
27 10 452 79 6.82692e-05 3.38077e-05 2.72968e-05 7.16467e-06 
28 10 452 79 6.82692e-05 3.38077e-05 2.72968e-05 7.16467e-06 
29 10 452 79 6.82692e-05 3.38077e-05 2.72968e-05 7.16467e-06 
30 10 452 79 6.82692e-05 3.38077e-05 2.72968e-05 7.16467e-06 
31 10 452 79 6.82692e-05 3.38077e-05 2.72968e-05 7.16467e-06 
32 10 452 79 6.82692e-05 3.38077e-05 2.72968e-05 7.16467e-06 
33 10 452 79 6.82692e-05 3.38077e-05 2.72968e-05 7.16467e-06 
34 10 452 79 6.82692e-05 3.38077e-05 2.72968e-05 7.16467e-06 
35 10 450 80 6.93636e-05 3.46005e-05 2.75931e-05 7.17005e-06 
36 10 450 80 6.93636e-05 3.46005e-05 2.75931e-05 7.17005e-06 
37 10 450 80 6.93636e-05 3.46005e-05 2.75931e-05 7.17005e-06 
38 10 450 80 6.93636e-05 3.46005e-05 2.75931e-05 7.17005e-06 
39 10 450 80 6.93636e-05 3.46005e-05 2.75931e-05 7.17005e-06 
40 10 450 80 6.93636e-05 3.46005e-05 2.75931e-05 7.17005e-06 
41 10 450 80 6.93636e-05 3.46005e-05 2.75931e-05 7.17005e-06 
42 10 450 80 6.93636e-05 3.46005e-05 2.75931e-05 7.17005e-06 
43 10 450 80 6.93636e-05 3.46005e-05 2.75931e-05 7.17005e-06 
44 10 450 80 6.93636e-05 3.46005e-05 2.75931e-05 7.17005e-06 
45 10 450 80 6.93636e-05 3.46005e-05 2.75931e-05 7.17005e-06 
46 10 450 80 6.93636e-05 3.46005e-05 2.75931e-05 7.17005e-06 
0 0 2952 14 0.000668882 0.000451181 0.000162297 5.54044e-05 
1 0 2952 12 0.000663474 0.000458812 0.000148359 5.63029e-05 
2 1 2952 14 0.000642835 0.000429433 0.000158626 5.47763e-05 
3 1 2952 14 0.000642835 0.000429433 0.000158626 5.47763e-05 
4 1 2952 14 0.000722243 0.00050512 0.00016082 5.63029e-05 
5 1 2952 14 0.000722243 0.00050512 0.00016082 5.63029e-05 
6 1 2952 12 0.000609 0.000407491 0.000144966 5.65427e-05 
7 2 2952 12 0.000609 0.000407491 0.000144966 5.65427e-05 
8 2 2952 12 0.000609 0.000407491 0.000144966 5.65427e-05 
9 2 2952 12 0.000609 0.000407491 0.000144966 5.65427e-05 
10 2 2952 12 0.000609 0.000407491 0.000144966 5.65427e-05 
11 2 2952 12 0.000609 0.000407491 0.000144966 5.65427e-05 
12 2 2952 12 0.000609 0.000407491 0.000144966 5.65427e-05 
13 2 2952 12 0.000609 0.000407491 0.000144966 5.65427e-05 
14 2 2952 12 0.000609 0.000407491 0.000144966 5.65427e-05 
15 2 2952 12 0.000609 0.000407491 0.000144966 5.65427e-05 
16 2 2952 12 0.000609 0.000407491 0.000144966 5.65427e-05 
17 2 2952 12 0.000665313 0.000460648 0.000148362 5.63029e-05 
18 2 2952 12 0.000665313 0.000460648 0.000148362 5.63029e-05 
19 2 2952 12 0.000665313 0.000460648 0.000148362 5.63029e-05 
20 2 2952 12 0.000665313 0.000460648 0.000148362 5.63029e-05 
21 2 2952 12 0.000665313 0.000460648 0.000148362 5.63029e-05 
22 2 2952 12 0.000665313 0.000460648 0.000148362 5.63029e-05 
23 2 2952 12 0.000665313 0.000460648 0.000148362 5.63029e-05 
24 2 2952 12 0.000665313 0.000460648 0.000148362 5.63029e-05 
25 2 2952 12 0.000665313 0.000460648 0.000148362 5.63029e-05 
26 2 2952 12 0.000665313 0.000460648 0.000148362 5.63029e-05 
27 2 2952 12 0.000665313 0.000460648 0.000148362 5.63029e-05 
28 2 2952 12 0.000665313 0.000460648 0.000148362 5.63029e-05 
29 2 2952 12 0.000665313 0.000460648 0.000148362 5.63029e-05 
30 2 2952 12 0.000665313 0.000460648 0.000148362 5.63029e-05 
31 2 2952 12 0.000665313 0.000460648 0.000148362 5.63029e-05 
32 2 2952 12 0.000665313 0.000460648 0.000148362 5.63029e-05 
33 2 2952 12 0.000665313 0.000460648 0.000148362 5.63029e-05 
34 2 2952 12 0.000665313 0.000460648 0.000148362 5.63029e-05 
35 2 2952 12 0.000665313 0.000460648 0.000148362 5.63029e-05 
36 2 2952 12 0.000665313 0.000460648 0.000148362 5.63029e-05 
37 2 2952 12 0.000665313 0.000460648 0.000148362 5.63029e-05 
38 2 2952 12 0.000665313 0.000460648 0.000148362 5.63029e-05 
0 0 2865 232 0.000731613 0.000481439 0.000228666 2.15076e-05 
1 1 2830 207 0.000740604 0.000491693 0.00022668 2.22309e-05 
2 2 2828 207 0.000741897 0.000488337 0.000231482 2.20782e-05 
3 2 2828 207 0.000741897 0.000488337 0.000231482 2.20782e-05 
4 2 2828 207 0.000741897 0.000488337 0.000231482 2.20782e-05 
5 2 2828 207 0.000741897 0.000488337 0.000231482 2.20782e-05 
6 2 2827 166 0.000697347 0.000454571 0.000224236 1.85397e-05 
7 3 2827 166 0.000697347 0.000454571 0.000224236 1.85397e-05 
8 3 2827 166 0.000697347 0.000454571 0.000224236 1.85397e-05 
9 3 2827 166 0.000697347 0.000454571 0.000224236 1.85397e-05 
10 3 2827 166 0.000697347 0.000454571 0.000224236 1.85397e-05 
11 3 2827 166 0.000697347 0.000454571 0.000224236 1.85397e-05 
12 3 2827 166 0.000697347 0.000454571 0.000224236 1.85397e-05 
13 3 2827 166 0.000697347 0.000454571 0.000224236 1.85397e-05 
14 3 2827 166 0.000697347 0.000454571 0.000224236 1.85397e-05 
15 3 2827 166 0.000697347 0.000454571 0.000224236 1.85397e-05 
16 3 2827 166 0.000697347 0.000454571 0.000224236 1.85397e-05 
17 3 2827 166 0.000697347 0.000454571 0.000224236 1.85397e-05 
18 3 2827 166 0.000697347 0.000454571 0.000224236 1.85397e-05 
19 3 2827 166 0.000697347 0.000454571 0.000224236 1.85397e-05 
20 3 2827 166 0.000697347 0.000454571 0.000224236 1.85397e-05 
21 3 2827 166 0.000697347 0.000454571 0.000224236 1.85397e-05 
22 3 2827 166 0.000697347 0.000454571 0.000224236 1.85397e-05 
23 3 2827 166 0.000697347 0.000454571 0.000224236 1.85397e-05 
24 3 2827 166 0.000697347 0.000454571 0.000224236 1.85397e-05 
25 3 2827 166 0.000697347 0.000454571 0.000224236 1.85397e-05 
26 3 2827 166 0.000697347 0.000454571 0.000224236 1.85397e-05 
27 3 2827 166 0.000697347 0.000454571 0.000224236 1.85397e-05 
28 3 2827 166 0.000697347 0.000454571 0.000224236 1.85397e-05 
29 3 2827 166 0.000697347 0.000454571 0.000224236 1.85397e-05 
30 3 2827 166 0.000697347 0.000454571 0.000224236 1.85397e-05 
31 3 2827 166 0.000697347 0.000454571 0.000224236 1.85397e-05 
32 3 2827 166 0.000697347 0.000454571 0.000224236 1.85397e-05 
33 3 2827 166 0.000697347 0.000454571 0.000224236 1.85397e-05 
34 3 2827 166 0.000697347 0.000454571 0.000224236 1.85397e-05 
35 3 2827 166 0.000697347 0.000454571 0.000224236 1.85397e-05 
36 3 2827 166 0.000697347 0.000454571 0.000224236 1.85397e-05 
37 3 2827 166 0.000697347 0.000454571 0.000224236 1.85397e-05 
38 3 2827 166 0.000697347 0.000454571 0.000224236 1.85397e-05 
0 0 1019 255 0.000220439 0.000136782 6.98007e-05 1.38567e-05 
1 1 1019 255 0.000220439 0.000136782 6.98007e-05 1.38567e-05 
2 1 1019 255 0.000220316 0.00013664 6.98424e-05 1.3834e-05 
3 2 1019 255 0.000220439 0.000136782 6.98007e-05 1.38567e-05 
4 2 1019 255 0.000220439 0.000136782 6.98007e-05 1.38567e-05 
5 2 1019 255 0.000220439 0.000136782 6.98007e-05 1.38567e-05 
6 2 1019 255 0.000220439 0.000136782 6.98007e-05 1.38567e-05 
7 2 1019 255 0.000220439 0.000136782 6.98007e-05 1.38567e-05 
8 2 1019 255 0.000220439 0.000136782 6.98007e-05 1.38567e-05 
9 2 1019 255 0.000220439 0.000136782 6.98007e-05 1.38567e-05 
10 2 1019 255 0.000220439 0.000136782 6.98007e-05 1.38567e-05 
11 2 1019 255 0.000220439 0.000136782 6.98007e-05 1.38567e-05 
12 2 1019 255 0.000220439 0.000136782 6.98007e-05 1.38567e-05 
13 2 1019 255 0.000220316 0.00013664 6.98424e-05 1.3834e-05 
14 3 1019 255 0.000220316 0.00013664 6.98424e-05 1.3834e-05 
15 3 1019 255 0.000220316 0.00013664 6.98424e-05 1.3834e-05 
16 3 1019 255 0.000220316 0.00013664 6.98424e-05 1.3834e-05 
17 3 1019 255 0.000220316 0.00013664 6.98424e-05 1.3834e-05 
18 3 1019 255 0.000220316 0.00013664 6.98424e-05 1.3834e-05 
19 3 1019 255 0.000220316 0.00013664 6.98424e-05 1.3834e-05 
20 3 1019 255 0.000220316 0.00013664 6.98424e-05 1.3834e-05 
21 3 1019 255 0.000220316 0.00013664 6.98424e-05 1.3834e-05 
22 3 1019 255 0.000220316 0.00013664 6.98424e-05 1.3834e-05 
23 3 1019 255 0.000220316 0.00013664 6.98424e-05 1.3834e-05 
24 3 1019 255 0.000220316 0.00013664 6.98424e-05 1.3834e-05 
25 3 1019 255 0.000220316 0.00013664 6.98424e-05 1.3834e-05 
26 3 1019 255 0.000220316 0.00013664 6.98424e-05 1.3834e-05 
27 3 1019 255 0.000220316 0.00013664 6.98424e-05 1.3834e-05 
28 3 1019 255 0.000220316 0.00013664 6.98424e-05 1.3834e-05 
29 3 1019 255 0.000220316 0.00013664 6.98424e-05 1.3834e-05 
30 3 1019 255 0.000220316 0.00013664 6.98424e-05 1.3834e-05 
31 3 1019 255 0.000220316 0.00013664 6.98424e-05 1.3834e-05 
32 3 1019 255 0.000220316 0.00013664 6.98424e-05 1.3834e-05 
33 3 1019 255 0.000220316 0.00013664 6.98424e-05 1.3834e-05 
34 3 1019 255 0.000220316 0.00013664 6.98424e-05 1.3834e-05 
35 3 1019 255 0.000220316 0.00013664 6.98424e-05 1.3834e-05 
36 3 1019 255 0.000220316 0.00013664 6.98424e-05 1.3834e-05 
37 3 1019 255 0.000220316 0.00013664 6.98424e-05 1.3834e-05 
38 3 1019 255 0.000220316 0.00013664 6.98424e-05 1.3834e-05 
39 3 1019 255 0.000220316 0.00013664 6.98424e-05 1.3834e-05 
40 3 1019 255 0.000220316 0.00013664 6.98424e-05 1.3834e-05 
41 3 1019 255 0.000220316 0.00013664 6.98424e-05 1.3834e-05 
42 3 1019 255 0.000220316 0.00013664 6.98424e-05 1.3834e-05 
43 3 1019 255 0.000220316 0.00013664 6.98424e-05 1.3834e-05 
44 3 1019 255 0.000220316 0.00013664 6.98424e-05 1.3834e-05 
45 3 1019 255 0.000220316 0.00013664 6.98424e-05 1.3834e-05 
0 0 304 3 1.94406e-05 4.08008e-06 7.96543e-06 7.39506e-06 
1 0 304 3 1.94406e-05 4.08008e-06 7.96543e-06 7.39506e-06 
2 0 304 3 1.94406e-05 4.08008e-06 7.96543e-06 7.39506e-06 
3 0 304 3 1.94406e-05 4.08008e-06 7.96543e-06 7.39506e-06 
4 0 304 3 1.94406e-05 4.08008e-06 7.96543e-06 7.39506e-06 
5 0 304 3 1.94406e-05 4.08008e-06 7.96543e-06 7.39506e-06 
6 0 304 3 1.94406e-05 4.08008e-06 7.96543e-06 7.39506e-06 
7 0 304 3 1.94406e-05 4.08008e-06 7.96543e-06 7.39506e-06 
8 0 304 3 1.94406e-05 4.08008e-06 7.96543e-06 7.39506e-06 
9 0 304 3 1.94406e-05 4.08008e-06 7.96543e-06 7.39506e-06 
10 0 304 3 1.94406e-05 4.08008e-06 7.96543e-06 7.39506e-06 
11 0 304 3 1.94406e-05 4.08008e-06 7.96543e-06 7.39506e-06 
12 0 304 3 1.94406e-05 4.08008e-06 7.96543e-06 7.39506e-06 
13 0 304 3 1.94406e-05 4.08008e-06 7.96543e-06 7.39506e-06 
14 0 304 3 1.94406e-05 4.08008e-06 7.96543e-06 7.39506e-06 
15 0 304 3 1.94406e-05 4.08008e-06 7.96543e-06 7.39506e-06 
16 0 304 3 1.94406e-05 4.08008e-06 7.96543e-06 7.39506e-06 
17 0 304 3 1.94406e-05 4.08008e-06 7.96543e-06 7.39506e-06 
18 0 304 3 1.94406e-05 4.08008e-06 7.96543e-06 7.39506e-06 
19 0 304 3 1.94406e-05 4.08008e-06 7.96543e-06 7.39506e-06 
20 0 304 3 1.94406e-05 4.08008e-06 7.96543e-06 7.39506e-06 
21 0 304 3 1.94406e-05 4.08008e-06 7.96543e-06 7.39506e-06 
22 0 304 3 1.94406e-05 4.08008e-06 7.96543e-06 7.39506e-06 
23 0 304 3 1.94406e-05 4.08008e-06 7.96543e-06 7.39506e-06 
24 0 304 3 1.94406e-05 4.08008e-06 7.96543e-06 7.39506e-06 
25 0 304 3 1.94406e-05 4.08008e-06 7.96543e-06 7.39506e-06 
26 0 304 3 1.94406e-05 4.08008e-06 7.96543e-06 7.39506e-06 
27 0 304 3 1.94406e-05 4.08008e-06 7.96543e-06 7.39506e-06 
28 0 304 3 1.94406e-05 4.08008e-06 7.96543e-06 7.39506e-06 
29 0 304 3 1.94406e-05 4.08008e-06 7.96543e-06 7.39506e-06 
30 0 304 3 1.94406e-05 4.08008e-06 7.96543e-06 7.39506e-06 
31 0 304 3 1.94406e-05 4.08008e-06 7.96543e-06 7.39506e-06 
0 0 42797 96 0.00567886 0.00307242 0.002334 0.000272437 
1 1 41175 96 0.00535834 0.00287367 0.00223367 0.000250998 
2 2 39993 95 0.00514852 0.00274501 0.00215733 0.000246184 
3 3 39842 95 0.00523338 0.00281123 0.00216494 0.000257207 
4 3 39771 95 0.00522204 0.00280466 0.00216051 0.000256871 
5 4 39771 95 0.00522204 0.00280466 0.00216051 0.000256871 
6 4 39771 95 0.00522204 0.00280466 0.00216051 0.000256871 
7 4 39764 95 0.00522092 0.00280403 0.00216009 0.000256799 
8 5 39764 95 0.00522092 0.00280403 0.00216009 0.000256799 
9 5 39764 95 0.00522092 0.00280403 0.00216009 0.000256799 
10 5 39764 95 0.00522092 0.00280403 0.00216009 0.000256799 
11 5 39764 95 0.00522092 0.00280403 0.00216009 0.000256799 
12 5 39764 95 0.00522092 0.00280403 0.00216009 0.000256799 
13 5 39707 100 0.0052035 0.00279615 0.00216178 0.000245569 
14 5 39672 100 0.00519665 0.00279194 0.00215905 0.000245664 
15 6 39670 100 0.00519631 0.00279197 0.00215861 0.000245735 
16 7 39670 100 0.00519631 0.00279197 0.00215861 0.000245735 
17 7 39670 100 0.00519631 0.00279197 0.00215861 0.000245735 
18 7 39670 100 0.00519631 0.00279197 0.00215861 0.000245735 
19 7 39670 100 0.00519631 0.00279197 0.00215861 0.000245735 
20 7 39670 100 0.00519631 0.00279197 0.00215861 0.000245735 
21 7 39670 100 0.00519631 0.00279197 0.00215861 0.000245735 
22 7 39670 100 0.00519631 0.00279197 0.00215861 0.000245735 
23 7 39670 100 0.00519631 0.00279197 0.00215861 0.000245735 
24 7 39670 100 0.00519631 0.00279197 0.00215861 0.000245735 
25 7 39670 100 0.00519631 0.00279197 0.00215861 0.000245735 
26 7 39436 100 0.00510198 0.00272487 0.00214042 0.000236693 
27 8 39368 100 0.00509662 0.00272037 0.0021402 0.000236052 
28 9 39368 100 0.00509662 0.00272037 0.0021402 0.000236052 
29 9 39368 100 0.00509662 0.00272037 0.0021402 0.000236052 
30 9 39365 100 0.00509686 0.00272047 0.00214041 0.000235978 
31 9 39364 100 0.00509672 0.0027204 0.00214035 0.000235973 
32 10 39364 100 0.00509672 0.0027204 0.00214035 0.000235973 
33 10 39364 100 0.00509672 0.0027204 0.00214035 0.000235973 
34 10 39364 100 0.00509672 0.0027204 0.00214035 0.000235973 
35 10 39364 100 0.00509672 0.0027204 0.00214035 0.000235973 
36 10 39364 100 0.00509672 0.0027204 0.00214035 0.000235973 
37 10 39334 100 0.00508759 0.0027144 0.00213794 0.000235254 
38 11 39334 100 0.00508759 0.0027144 0.00213794 0.000235254 
39 11 39318 100 0.00508616 0.00271363 0.00213736 0.000235169 
40 12 39318 100 0.00508616 0.00271363 0.00213736 0.000235169 
41 12 39318 100 0.00508616 0.00271363 0.00213736 0.000235169 
42 12 39318 100 0.00508616 0.00271363 0.00213736 0.000235169 
43 12 39318 100 0.00508616 0.00271363 0.00213736 0.000235169 
44 12 39313 100 0.00508595 0.00271308 0.00213768 0.000235186 
45 13 39308 100 0.00508517 0.00271272 0.0021373 0.000235151 
46 14 39308 100 0.00508517 0.00271272 0.0021373 0.000235151 
47 14 39308 100 0.00508517 0.00271272 0.0021373 0.000235151 
48 14 39308 100 0.00508517 0.00271272 0.0021373 0.000235151 
49 14 39308 100 0.00508517 0.00271272 0.0021373 0.000235151 
50 14 39308 100 0.00508517 0.00271272 0.0021373 0.000235151 
51 14 39308 100 0.00508517 0.00271272 0.0021373 0.000235151 
52 14 39308 100 0.00508517 0.00271272 0.0021373 0.000235151 
53 14 39308 100 0.00508517 0.00271272 0.0021373 0.000235151 
54 14 39308 100 0.00508517 0.00271272 0.0021373 0.000235151 
55 14 39308 100 0.00508517 0.00271272 0.0021373 0.000235151 
56 14 39308 100 0.00508517 0.00271272 0.0021373 0.000235151 
57 14 39308 100 0.00508517 0.00271272 0.0021373 0.000235151 
58 14 39308 100 0.00508517 0.00271272 0.0021373 0.000235151 
59 14 39308 100 0.00508517 0.00271272 0.0021373 0.000235151 
60 14 39308 100 0.00508517 0.00271272 0.0021373 0.000235151 
61 14 39308 100 0.00508517 0.00271272 0.0021373 0.000235151 
62 14 39308 100 0.00508517 0.00271272 0.0021373 0.000235151 
63 14 39308 100 0.00508517 0.00271272 0.0021373 0.000235151 
64 14 39308 100 0.00508517 0.00271272 0.0021373 0.000235151 
65 14 39308 100 0.00508517 0.00271272 0.0021373 0.000235151 
66 14 39308 100 0.00508517 0.00271272 0.0021373 0.000235151 
67 14 39308 100 0.00508517 0.00271272 0.0021373 0.000235151 
68 14 39308 100 0.00508517 0.00271272 0.0021373 0.000235151 
69 14 39308 100 0.00508517 0.00271272 0.0021373 0.000235151 
70 14 39308 100 0.00508517 0.00271272 0.0021373 0.000235151 
71 14 39308 100 0.00508517 0.00271272 0.0021373 0.000235151 
72 14 39308 100 0.00508517 0.00271272 0.0021373 0.000235151 
73 14 39308 100 0.00508517 0.00271272 0.0021373 0.000235151 
74 14 39308 100 0.00508517 0.00271272 0.0021373 0.000235151 
75 14 39308 100 0.00508517 0.00271272 0.0021373 0.000235151 
76 14 39308 100 0.00508517 0.00271272 0.0021373 0.000235151 
77 14 39308 100 0.00508517 0.00271272 0.0021373 0.000235151 
0 0 16674 247 0.00634828 0.00375631 0.00242189 0.000170077 
1 0 16648 247 0.00639415 0.00378128 0.00244092 0.000171953 
2 0 16648 247 0.00635483 0.00376244 0.00242013 0.000172258 
3 1 16648 247 0.00579423 0.00335768 0.00227097 0.000165584 
4 2 16648 247 0.00634752 0.00375793 0.00241777 0.000171817 
5 2 16648 247 0.00634752 0.00375793 0.00241777 0.000171817 
6 2 16648 247 0.00634752 0.00375793 0.00241777 0.000171817 
7 2 16648 247 0.00634752 0.00375793 0.00241777 0.000171817 
8 2 16648 247 0.00634752 0.00375793 0.00241777 0.000171817 
9 2 16648 247 0.00634752 0.00375793 0.00241777 0.000171817 
10 2 16648 247 0.00634752 0.00375793 0.00241777 0.000171817 
11 2 16648 247 0.00634752 0.00375793 0.00241777 0.000171817 
12 2 16648 247 0.00634752 0.00375793 0.00241777 0.000171817 
13 2 16648 247 0.00634752 0.00375793 0.00241777 0.000171817 
14 2 16648 247 0.00634752 0.00375793 0.00241777 0.000171817 
15 2 16648 247 0.00634752 0.00375793 0.00241777 0.000171817 
16 2 16648 247 0.00634752 0.00375793 0.00241777 0.000171817 
17 2 16648 247 0.00634752 0.00375793 0.00241777 0.000171817 
18 2 16648 247 0.00634752 0.00375793 0.00241777 0.000171817 
19 2 16648 247 0.00634752 0.00375793 0.00241777 0.000171817 
20 2 16648 247 0.00634752 0.00375793 0.00241777 0.000171817 
21 2 16648 247 0.00634752 0.00375793 0.00241777 0.000171817 
22 2 16648 247 0.00634752 0.00375793 0.00241777 0.000171817 
23 2 16648 247 0.00634752 0.00375793 0.00241777 0.000171817 
24 2 16648 247 0.00634752 0.00375793 0.00241777 0.000171817 
25 2 16648 247 0.00634752 0.00375793 0.00241777 0.000171817 
26 2 16648 247 0.00634752 0.00375793 0.00241777 0.000171817 
27 2 16648 247 0.00634752 0.00375793 0.00241777 0.000171817 
28 2 16648 247 0.00634752 0.00375793 0.00241777 0.000171817 
29 2 16648 247 0.00634752 0.00375793 0.00241777 0.000171817 
30 2 16648 247 0.00634752 0.00375793 0.00241777 0.000171817 
31 2 16648 247 0.00634752 0.00375793 0.00241777 0.000171817 
32 2 16648 247 0.00634752 0.00375793 0.00241777 0.000171817 
33 2 16648 247 0.00634752 0.00375793 0.00241777 0.000171817 
34 2 16648 247 0.00634752 0.00375793 0.00241777 0.000171817 
35 2 16648 247 0.00634752 0.00375793 0.00241777 0.000171817 
0 0 11839 89 0.00267023 0.00178824 0.00061044 0.000271549 
1 0 11839 89 0.00259778 0.00170712 0.000616192 0.000274466 
2 1 11839 89 0.00257749 0.00168403 0.000617525 0.000275938 
3 2 11839 87 0.00249656 0.00160164 0.000619314 0.000275601 
4 3 11839 87 0.00249656 0.00160164 0.000619314 0.000275601 
5 3 11839 87 0.00249656 0.00160164 0.000619314 0.000275601 
6 3 11839 87 0.002514 0.00161677 0.000620899 0.000276333 
7 3 11839 87 0.002514 0.00161677 0.000620899 0.000276333 
8 3 11839 87 0.002514 0.00161677 0.000620899 0.000276333 
9 3 11839 87 0.00247102 0.00158122 0.000616055 0.000273744 
10 4 11839 87 0.00247102 0.00158122 0.000616055 0.000273744 
11 4 11839 87 0.00247102 0.00158122 0.000616055 0.000273744 
12 4 11839 87 0.00247102 0.00158122 0.000616055 0.000273744 
13 4 11839 87 0.00247102 0.00158122 0.000616055 0.000273744 
14 4 11839 87 0.00247102 0.00158122 0.000616055 0.000273744 
15 4 11839 87 0.00247102 0.00158122 0.000616055 0.000273744 
16 4 11839 87 0.00248786 0.00159643 0.000615903 0.000275524 
17 4 11839 87 0.00248786 0.00159643 0.000615903 0.000275524 
18 4 11839 87 0.00248786 0.00159643 0.000615903 0.000275524 
19 4 11839 87 0.00248786 0.00159643 0.000615903 0.000275524 
20 4 11839 87 0.00248786 0.00159643 0.000615903 0.000275524 
21 4 11839 87 0.00248786 0.00159643 0.000615903 0.000275524 
22 4 11839 87 0.00248786 0.00159643 0.000615903 0.000275524 
23 4 11839 87 0.00248786 0.00159643 0.000615903 0.000275524 
24 4 11839 87 0.00248786 0.00159643 0.000615903 0.000275524 
25 4 11839 87 0.00248786 0.00159643 0.000615903 0.000275524 
26 4 11839 87 0.00248786 0.00159643 0.000615903 0.000275524 
27 4 11839 87 0.00248786 0.00159643 0.000615903 0.000275524 
28 4 11839 87 0.00248786 0.00159643 0.000615903 0.000275524 
29 4 11839 87 0.00248786 0.00159643 0.000615903 0.000275524 
30 4 11839 87 0.00248786 0.00159643 0.000615903 0.000275524 
31 4 11839 87 0.00248786 0.00159643 0.000615903 0.000275524 
32 4 11839 87 0.00248786 0.00159643 0.000615903 0.000275524 
33 4 11839 87 0.00248786 0.00159643 0.000615903 0.000275524 
34 4 11839 87 0.00248786 0.00159643 0.000615903 0.000275524 
35 4 11839 87 0.00248786 0.00159643 0.000615903 0.000275524 
36 4 11839 87 0.00248786 0.00159643 0.000615903 0.000275524 
37 4 11839 87 0.00248786 0.00159643 0.000615903 0.000275524 
38 4 11839 87 0.00248786 0.00159643 0.000615903 0.000275524 
39 4 11839 87 0.00248786 0.00159643 0.000615903 0.000275524 
40 4 11839 87 0.00248786 0.00159643 0.000615903 0.000275524 
41 4 11839 87 0.00248786 0.00159643 0.000615903 0.000275524 
0 0 5315 218 0.0150392 0.00937099 0.00561312 5.5059e-05 
1 1 5042 160 0.00877447 0.00568308 0.00302121 7.01796e-05 
2 2 5040 164 0.00845694 0.00548426 0.00290369 6.89881e-05 
3 3 5039 164 0.00845654 0.005484 0.00290357 6.89688e-05 
4 4 5039 164 0.00845654 0.005484 0.00290357 6.89688e-05 
5 4 5037 174 0.0135856 0.00878207 0.00474095 6.25885e-05 
6 4 5037 174 0.0135856 0.00878207 0.00474095 6.25885e-05 
7 4 5026 162 0.0084632 0.00542919 0.0029665 6.7514e-05 
8 5 5025 162 0.00851547 0.00546132 0.00298671 6.74396e-05 
9 5 5025 162 0.00851547 0.00546132 0.00298671 6.74396e-05 
10 5 5025 162 0.00851547 0.00546132 0.00298671 6.74396e-05 
11 5 5025 162 0.00851547 0.00546132 0.00298671 6.74396e-05 
12 5 5025 162 0.00851547 0.00546132 0.00298671 6.74396e-05 
13 5 5025 162 0.00851547 0.00546132 0.00298671 6.74396e-05 
14 5 5025 162 0.00851547 0.00546132 0.00298671 6.74396e-05 
15 5 5025 162 0.00851547 0.00546132 0.00298671 6.74396e-05 
16 5 5025 162 0.00851547 0.00546132 0.00298671 6.74396e-05 
17 5 5025 162 0.00851547 0.00546132 0.00298671 6.74396e-05 
18 5 5025 162 0.00851547 0.00546132 0.00298671 6.74396e-05 
19 5 5025 162 0.00851547 0.00546132 0.00298671 6.74396e-05 
20 5 5025 162 0.00851547 0.00546132 0.00298671 6.74396e-05 
21 5 5025 162 0.00851547 0.00546132 0.00298671 6.74396e-05 
22 5 5025 162 0.00851547 0.00546132 0.00298671 6.74396e-05 
23 5 5025 162 0.00851547 0.00546132 0.00298671 6.74396e-05 
24 5 5025 162 0.00851547 0.00546132 0.00298671 6.74396e-05 
25 5 5025 162 0.00851547 0.00546132 0.00298671 6.74396e-05 
26 5 5025 162 0.00851547 0.00546132 0.00298671 6.74396e-05 
27 5 5025 162 0.00851547 0.00546132 0.00298671 6.74396e-05 
28 5 5025 162 0.00851547 0.00546132 0.00298671 6.74396e-05 
29 5 5025 162 0.00851547 0.00546132 0.00298671 6.74396e-05 
30 5 5025 162 0.00851547 0.00546132 0.00298671 6.74396e-05 
31 5 5025 162 0.00851547 0.00546132 0.00298671 6.74396e-05 
32 5 5025 162 0.00851547 0.00546132 0.00298671 6.74396e-05 
33 5 5025 162 0.00851547 0.00546132 0.00298671 6.74396e-05 
34 5 5025 162 0.00851547 0.00546132 0.00298671 6.74396e-05 
35 5 5025 162 0.00851547 0.00546132 0.00298671 6.74396e-05 
36 5 5025 162 0.00851547 0.00546132 0.00298671 6.74396e-05 
37 5 5025 162 0.00851547 0.00546132 0.00298671 6.74396e-05 
38 5 5025 162 0.00851547 0.00546132 0.00298671 6.74396e-05 
39 5 5025 162 0.00851547 0.00546132 0.00298671 6.74396e-05 
0 0 8691 60 0.0108079 0.00692551 0.00372813 0.000154233 
1 1 8630 63 0.0111209 0.00708901 0.00388703 0.000144888 
2 1 8629 59 0.0105833 0.00675213 0.00367964 0.000151488 
3 2 8609 61 0.0113985 0.00731063 0.00394228 0.000145602 
4 2 8595 61 0.0113909 0.0073049 0.00394075 0.000145276 
5 3 8584 57 0.0105633 0.00679321 0.00361654 0.000153591 
6 4 8584 57 0.0105633 0.00679321 0.00361654 0.000153591 
7 4 8584 57 0.0105633 0.00679321 0.00361654 0.000153591 
8 4 8584 57 0.0105633 0.00679321 0.00361654 0.000153591 
9 4 8584 57 0.0105633 0.00679321 0.00361654 0.000153591 
10 4 8583 58 0.01057 0.00677877 0.00364517 0.000146026 
11 4 8583 58 0.01057 0.00677877 0.00364517 0.000146026 
12 4 8583 58 0.01057 0.00677877 0.00364517 0.000146026 
13 4 8583 58 0.0105112 0.00673889 0.00362658 0.000145693 
14 5 8583 58 0.0105112 0.00673889 0.00362658 0.000145693 
15 5 8583 57 0.0109234 0.00703693 0.00373248 0.000154012 
16 5 8583 57 0.0109234 0.00703693 0.00373248 0.000154012 
17 5 8583 57 0.0109234 0.00703693 0.00373248 0.000154012 
18 5 8583 57 0.0109234 0.00703693 0.00373248 0.000154012 
19 5 8583 57 0.0109234 0.00703693 0.00373248 0.000154012 
20 5 8583 57 0.0109234 0.00703693 0.00373248 0.000154012 
21 5 8583 57 0.0109234 0.00703693 0.00373248 0.000154012 
22 5 8583 57 0.0109234 0.00703693 0.00373248 0.000154012 
23 5 8583 57 0.0109234 0.00703693 0.00373248 0.000154012 
24 5 8583 57 0.0109234 0.00703693 0.00373248 0.000154012 
25 5 8583 57 0.0109234 0.00703693 0.00373248 0.000154012 
26 5 8583 57 0.0109234 0.00703693 0.00373248 0.000154012 
27 5 8582 61 0.0110745 0.00709101 0.00381909 0.000164369 
28 5 8582 61 0.0110745 0.00709101 0.00381909 0.000164369 
29 5 8582 61 0.0110745 0.00709101 0.00381909 0.000164369 
30 5 8582 61 0.0110745 0.00709101 0.00381909 0.000164369 
31 5 8582 61 0.0110745 0.00709101 0.00381909 0.000164369 
32 5 8582 61 0.0110745 0.00709101 0.00381909 0.000164369 
33 5 8582 61 0.0110745 0.00709101 0.00381909 0.000164369 
34 5 8582 61 0.0110745 0.00709101 0.00381909 0.000164369 
35 5 8582 61 0.0110745 0.00709101 0.00381909 0.000164369 
36 5 8582 61 0.0110745 0.00709101 0.00381909 0.000164369 
37 5 8582 61 0.0110745 0.00709101 0.00381909 0.000164369 
38 5 8582 61 0.0110745 0.00709101 0.00381909 0.000164369 
39 5 8582 61 0.0110745 0.00709101 0.00381909 0.000164369 
40 5 8582 61 0.0110745 0.00709101 0.00381909 0.000164369 
41 5 8582 61 0.0110745 0.00709101 0.00381909 0.000164369 
42 5 8582 61 0.0110745 0.00709101 0.00381909 0.000164369 
43 5 8582 61 0.0110745 0.00709101 0.00381909 0.000164369 
44 5 8582 61 0.0110745 0.00709101 0.00381909 0.000164369 
45 5 8582 61 0.0110745 0.00709101 0.00381909 0.000164369 
