5 257 27 0.471837 -13.196363531248195
8 230 26 0.528601 -2.6504755358768595
14 167 19 0.425015 16.835736356652514
5 167 19 0.641516 -20.375845558392058
13 154 22 0.65984 -5.100942591338563
12 149 18 0.652345 4.823420230382738
17 149 18 0.652345 0.0
2 149 18 0.648576 0.16138903610680122
2 149 18 0.658965 -0.6407267613972754
5 147 18 0.624181 1.4153262107547855
12 142 19 0.763664 -10.26515578667347
2 142 19 0.61364 4.469696884686648
0 141 17 0.64871 0.509173947905805
14 137 16 0.893951 -13.073370907470313
2 134 16 0.794909 2.267996081404858
6 134 16 0.794909 0.0
2 134 16 0.797989 -0.15498629402862324
2 133 16 0.663965 2.840172046376695
3 133 16 0.663965 0.0
12 133 17 0.7904 -9.491967761854914
12 133 17 0.844968 -2.7615384615384646
8 133 17 0.844968 0.0
4 133 17 0.904558 -2.820935230683288
2 133 17 0.685282 2.9802836093328358
3 133 17 0.685282 0.0
7 133 18 0.781537 -7.383122826034526
2 133 18 0.76617 0.20725894188784727
8 133 18 0.76617 0.0
5 133 16 0.877893 -2.49947139668742
16 133 16 0.741956 1.3993960373715886
17 133 16 0.741956 0.0
7 133 18 0.68584 -0.7246993083147818
16 978 250 0.939599 0.0
6 845 248 0.866717 4.467473320136345
1 830 246 0.948918 -3.3742217061260056
8 748 223 0.909003 4.694452014245324
0 730 223 0.981528 -2.9507668979825623
1 721 221 1.85143 -35.058583603839175
5 721 220 1.85143 0.09978622949660632
10 719 220 1.82018 0.49085643273140905
6 708 219 0.96956 12.593345290513373
0 708 218 0.96956 0.08633553557871357
7 700 216 0.975197 0.09320215160501526
8 657 202 1.14559 -4.4303397420181065
17 657 202 1.14559 0.0
7 648 201 1.09249 1.0983300975324644
8 622 187 1.26602 -3.862772493606755
15 622 187 1.26602 0.0
14 557 157 1.79789 -10.946623561202804
14 520 131 2.05416 -0.06914664202954168
3 507 118 2.05416 1.281850023879479
15 55 9 0.390716 0.0
7 42 8 0.324602 11.84219318255498
14 39 7 0.33656 2.69913141158799
1 39 7 0.33656 0.0
17 39 7 0.33656 0.0
3 51 9 0.390716 0.7272727272727273
9 48 10 0.352766 1.0830730269154911
14 38 7 0.31429 13.94011613340477
2 37 7 0.314287 0.225952356899682
16 37 7 0.314287 0.0
9 37 7 0.314287 0.0
5 37 7 0.314287 0.0
5 37 7 0.314287 0.0
9 37 7 0.314287 0.0
9 37 7 0.314287 0.0
0 37 7 0.314287 0.0
7 37 8 0.314287 -4.285714285714286
17 37 8 0.314287 0.0
0 37 7 0.314287 1.925032812298143
12 37 8 0.299194 -2.364794871293712
0 37 7 0.299199 1.7370324202374805
2 37 7 0.299196 0.00017652198114892105
11 36 7 0.288007 0.7384615088886941
6 44 8 0.441576 0.12648232134508497
17 44 8 0.441576 0.0
1 39 8 0.398836 4.519675651427037
1 39 8 0.398836 0.0
15 39 8 0.398836 0.0
7 38 8 0.320014 6.315301642308764
13 38 7 0.32001 2.7569621197096303
