0 0 257 27 0.471837 0.00764376 0.00127861 0.000794926 
1 1 230 26 0.528601 0.00794213 0.00144194 0.000719206 
2 2 167 19 0.425015 0.00810266 0.00143938 0.000767724 
3 3 167 19 0.641516 0.00777375 0.00118614 0.000636842 
4 4 154 22 0.65984 0.00700074 0.00115653 0.000568687 
5 5 149 18 0.652345 0.00700417 0.00112266 0.000615731 
6 6 149 18 0.652345 0.00700417 0.00112266 0.000615731 
7 7 149 18 0.648576 0.00687675 0.00116718 0.000662343 
8 8 149 18 0.658965 0.00682869 0.00114817 0.000657364 
9 9 147 18 0.624181 0.0074884 0.00121514 0.000675533 
10 10 142 19 0.763664 0.00605081 0.000989731 0.000570165 
11 11 142 19 0.61364 0.00707161 0.00118294 0.000677446 
12 12 141 17 0.64871 0.00513837 0.000817644 0.000669077 
13 13 137 16 0.893951 0.00626487 0.000923334 0.000583497 
14 14 134 16 0.794909 0.00640039 0.000962373 0.00062367 
15 15 134 16 0.794909 0.00640039 0.000962373 0.00062367 
16 16 134 16 0.797989 0.00647629 0.000934982 0.000609862 
17 17 133 16 0.663965 0.00584664 0.000959882 0.000512184 
18 18 133 16 0.663965 0.00584664 0.000959882 0.000512184 
19 19 133 17 0.7904 0.00656634 0.00106453 0.000558835 
20 20 133 17 0.844968 0.00639778 0.000900745 0.000514751 
21 21 133 17 0.844968 0.00639778 0.000900745 0.000514751 
22 22 133 17 0.904558 0.00735267 0.00105292 0.00056336 
23 23 133 17 0.685282 0.0056648 0.000889049 0.000531053 
24 24 133 17 0.685282 0.0056648 0.000889049 0.000531053 
25 25 133 18 0.781537 0.00646947 0.000978982 0.000655169 
26 26 133 18 0.76617 0.00644788 0.000984706 0.000601117 
27 27 133 18 0.76617 0.00644788 0.000984706 0.000601117 
28 28 133 16 0.877893 0.0064503 0.000931866 0.000569419 
29 29 133 16 0.741956 0.00523174 0.000779995 0.000510401 
30 30 133 16 0.741956 0.00523174 0.000779995 0.000510401 
31 31 133 18 0.68584 0.00560147 0.000841239 0.000598864 
0 0 978 250 0.939599 0.00798201 0.00105785 0.00222063 
1 1 845 248 0.866717 0.00760633 0.00100294 0.00222977 
2 2 830 246 0.948918 0.0079274 0.00107104 0.00219003 
3 3 748 223 0.909003 0.00799898 0.00105329 0.00213123 
4 4 730 223 0.981528 0.00798097 0.00108383 0.00213044 
5 5 721 221 1.85143 0.00797751 0.00118339 0.00215139 
6 6 721 220 1.85143 0.00797751 0.00118339 0.00215139 
7 7 719 220 1.82018 0.00801771 0.00114858 0.00201527 
8 8 708 219 0.96956 0.00796116 0.00104718 0.0020792 
9 9 708 218 0.96956 0.00796116 0.00104718 0.0020792 
10 10 700 216 0.975197 0.00781261 0.00102996 0.00195431 
11 11 657 202 1.14559 0.0083196 0.00109071 0.00199572 
12 12 657 202 1.14559 0.0083196 0.00109071 0.00199572 
13 13 648 201 1.09249 0.00825465 0.00108752 0.00191917 
14 14 622 187 1.26602 0.00877061 0.00111044 0.00200205 
15 15 622 187 1.26602 0.00877061 0.00111044 0.00200205 
16 16 557 157 1.79789 0.0117342 0.00123761 0.0033388 
17 17 520 131 2.05416 0.00885859 0.00110908 0.00187861 
18 18 507 118 2.05416 0.00885859 0.00110908 0.00187861 
