1 7889
1 4614
1 4746
1 4474
1 5328
1 5635
1 6819
1 7491
1 6676
1 4227
1 6965
1 5512
1 6358
1 7774
1 6125
1 4911
1 6030
1 5539
1 6127
1 5080
1 4700
1 4900
1 4917
1 7419
1 7698
1 4226
1 7955
1 5109
1 5010
1 4528
1 7900
1 6917
1 7671
1 6713
1 7072
1 7169
1 5425
1 6457
1 6571
1 5429
1 4794
1 7719
1 5119
1 4721
1 4844
1 6476
1 7497
1 7007
1 6385
1 6715
1 6228
1 5402
1 4629
1 3954
1 4654
1 3813
1 6313
1 6354
1 3836
1 5926
1 4182
1 4271
1 6338
1 6050
1 5045
1 4739
1 5801
1 4436
1 5679
1 5217
1 4645
1 7882
1 6086
1 4609
1 6423 2 58436
1 6485 2 61974
1 5301
1 7414
1 7000
1 6630 2 58436
1 6231 2 61935
1 6848
1 6263
1 5971
1 5114 2 57503
1 6464 2 58255
1 6506
1 4629
1 7230
1 6611 2 59628
1 4930 2 59829
1 7603
1 7013
1 6505
1 5850 2 56288
1 7751 2 56548
1 7432
1 6622
1 6783
1 5336 2 60516
1 5112 2 63209
1 7060
1 7294
1 5729
1 5124 2 70502
1 6662 2 55917
1 7456
1 6906
1 4909
1 5943 2 60170
1 7821 2 60549
1 6631
1 4641
1 6573
1 5924 2 61968
1 7742 2 59494
1 6290
1 5390
1 4550
1 4900 2 62518
1 5650 2 56353
1 5163
1 5098
1 6644
1 7271 2 59787
1 6470 2 71864
1 7035
1 8019
1 6313
1 6706 2 57957
1 7761 2 60153
1 6527
1 5596
1 4379
1 6585 2 61869
1 6847 2 56765
1 4988
1 6299
1 4331
1 4173 2 62109
1 8472 2 52948
1 6894
1 7596
1 4759
1 6391
1 5362
1 7157
1 7125 2 62849
1 7093 2 56375
1 4718
1 5368
1 6155 2 60339
1 6603 2 59789
1 5275 2 59828
1 6723 2 60661
1 4718 2 57819
1 6507 2 55847
1 6498
1 6678 2 57691
1 6728
1 6111 2 55941
1 5949
1 7990
1 7164 2 59974
1 7034
1 6214 2 57744
1 6507
1 4991
1 6295 2 60350
1 7936 2 60839
1 7920
1 7966
1 6178 2 61267
1 7783 2 58429
1 5066 2 60979
1 7252 2 64222
1 6621 2 56559
1 7690 2 61844
1 6724
1 5009 2 58415
1 5897
1 5216 2 58403
1 7976
1 7008
1 4819 2 64038
1 7804
1 6871 2 58520
1 5200
1 5121
1 7372 2 59664
1 4988 2 60633
1 7866
1 7218
1 6599 2 60725
1 6873 2 57228
1 7189 2 66096
1 7959 2 60385
1 7889 2 58617
1 6162 2 59624
1 5299
1 8314 2 59786
1 6781
1 7346 2 5612
1 5577
1 7016
1 8553 2 59834
1 6161
1 5512 2 6704
1 6174
1 6020
1 6630 2 60831
1 5342 2 57334
1 7952
1 4822
1 6041 2 56464
1 6075 2 60061
1 7012 2 62275
1 5914 2 61039
1 6828 2 61436
1 6862 2 58809
1 7173
1 6923 2 57931
1 6475
1 7384 2 60769
1 6118
1 7283
1 5287 2 59207
1 7690
1 7692 2 56622
1 7042
1 4816
1 4179 2 62085
1 8078 2 57269
1 6411
1 5818
1 4391 2 56060
1 7014 2 55794
1 7585 2 57073
1 5160 2 55806
1 6714 2 55222
1 6427
1 4741 2 59816
1 6323
1 5087 2 6081
1 6282
1 6613
1 7502 2 60554
1 4941
1 5164 2 4949
1 4181
1 6162
1 5112 2 56990
1 6858 2 60822
1 7472
1 7336
1 4140 2 58060
1 6993 2 56362
1 6677 2 57509
1 7239 2 61076
1 6021 2 60235
1 6519 2 59461
1 6733
1 4436 2 58786
1 6770
1 7310 2 57988
1 7024
1 6762
1 6341 2 60021
1 6249
1 7494 2 56867
1 6724
1 5192
1 5550 2 58310
1 6164 2 62266
1 4894
1 6904
1 6458 2 58069
1 4972 2 56849
1 6261 2 58767
1 7740 2 57109
1 7120 2 56134
1 6507
1 5600 2 58801
1 5005
1 5923 2 57280
1 7323
1 4889 2 56550
1 5003
1 4815 2 59118
1 7156
